# Cylindrically averaged Power Spectra n_kper=25, n_kpar=9
# k_par (h cMpc^-1), k_per (h cMpc^-1), Delay (us), Baseline (lambda), P (K^2 h^-3 cMpc^3), P_err (K^2 h^-3 cMpc^3), N_eff
# 
     0.048198      0.048475      0.100000     51.329030      0.050697      0.007030    104.000000
     0.048198      0.056030      0.100000     59.329030      0.019580      0.002136    168.000000
     0.048198      0.063585      0.100000     67.329030      0.026789      0.002531    224.000000
     0.048198      0.071141      0.100000     75.329030      0.025337      0.002485    208.000000
     0.048198      0.078696      0.100000     83.329030      0.021810      0.001898    264.000000
     0.048198      0.086251      0.100000     91.329030      0.020516      0.001710    288.000000
     0.048198      0.093806      0.100000     99.329030      0.023223      0.001963    280.000000
     0.048198      0.101361      0.100000    107.329030      0.019449      0.001466    352.000000
     0.048198      0.108916      0.100000    115.329030      0.019665      0.001517    336.000000
     0.048198      0.116472      0.100000    123.329030      0.024042      0.001717    392.000000
     0.048198      0.124027      0.100000    131.329030      0.023650      0.001672    400.000000
     0.048198      0.131582      0.100000    139.329030      0.023238      0.001677    384.000000
     0.048198      0.139137      0.100000    147.329030      0.018922      0.001211    488.000000
     0.048198      0.146692      0.100000    155.329030      0.021469      0.001410    464.000000
     0.048198      0.154247      0.100000    163.329030      0.011848      0.000713    552.000000
     0.048198      0.161803      0.100000    171.329030      0.013323      0.000846    496.000000
     0.048198      0.169358      0.100000    179.329030      0.015363      0.000960    512.000000
     0.048198      0.176913      0.100000    187.329030      0.008835      0.000503    616.000000
     0.048198      0.184468      0.100000    195.329030      0.011317      0.000667    576.000000
     0.048198      0.192023      0.100000    203.329030      0.012687      0.000714    632.000000
     0.048198      0.199579      0.100000    211.329030      0.010241      0.000580    624.000000
     0.048198      0.207134      0.100000    219.329030      0.010940      0.000604    656.000000
     0.048198      0.214689      0.100000    227.329030      0.011351      0.000608    696.000000
     0.048198      0.222244      0.100000    235.329030      0.010069      0.000531    720.000000
     0.048198      0.229799      0.100000    243.329030      0.012760      0.000921    384.000000
     0.096396      0.048475      0.200000     51.329030      0.075937      0.010531    104.000000
     0.096396      0.056030      0.200000     59.329030      0.025497      0.002782    168.000000
     0.096396      0.063585      0.200000     67.329030      0.024259      0.002292    224.000000
     0.096396      0.071141      0.200000     75.329030      0.031747      0.003113    208.000000
     0.096396      0.078696      0.200000     83.329030      0.028152      0.002450    264.000000
     0.096396      0.086251      0.200000     91.329030      0.028290      0.002357    288.000000
     0.096396      0.093806      0.200000     99.329030      0.028853      0.002439    280.000000
     0.096396      0.101361      0.200000    107.329030      0.025912      0.001953    352.000000
     0.096396      0.108916      0.200000    115.329030      0.020179      0.001557    336.000000
     0.096396      0.116472      0.200000    123.329030      0.032000      0.002286    392.000000
     0.096396      0.124027      0.200000    131.329030      0.027245      0.001926    400.000000
     0.096396      0.131582      0.200000    139.329030      0.021089      0.001522    384.000000
     0.096396      0.139137      0.200000    147.329030      0.016508      0.001057    488.000000
     0.096396      0.146692      0.200000    155.329030      0.023884      0.001568    464.000000
     0.096396      0.154247      0.200000    163.329030      0.016331      0.000983    552.000000
     0.096396      0.161803      0.200000    171.329030      0.015558      0.000988    496.000000
     0.096396      0.169358      0.200000    179.329030      0.014774      0.000923    512.000000
     0.096396      0.176913      0.200000    187.329030      0.011358      0.000647    616.000000
     0.096396      0.184468      0.200000    195.329030      0.011753      0.000693    576.000000
     0.096396      0.192023      0.200000    203.329030      0.012068      0.000679    632.000000
     0.096396      0.199579      0.200000    211.329030      0.011348      0.000642    624.000000
     0.096396      0.207134      0.200000    219.329030      0.010006      0.000553    656.000000
     0.096396      0.214689      0.200000    227.329030      0.011700      0.000627    696.000000
     0.096396      0.222244      0.200000    235.329030      0.010125      0.000534    720.000000
     0.096396      0.229799      0.200000    243.329030      0.010269      0.000741    384.000000
     0.144593      0.048475      0.300000     51.329030      0.037558      0.005208    104.000000
     0.144593      0.056030      0.300000     59.329030      0.019178      0.002093    168.000000
     0.144593      0.063585      0.300000     67.329030      0.022011      0.002080    224.000000
     0.144593      0.071141      0.300000     75.329030      0.025671      0.002517    208.000000
     0.144593      0.078696      0.300000     83.329030      0.023021      0.002004    264.000000
     0.144593      0.086251      0.300000     91.329030      0.023145      0.001929    288.000000
     0.144593      0.093806      0.300000     99.329030      0.023884      0.002019    280.000000
     0.144593      0.101361      0.300000    107.329030      0.021291      0.001605    352.000000
     0.144593      0.108916      0.300000    115.329030      0.019122      0.001475    336.000000
     0.144593      0.116472      0.300000    123.329030      0.032936      0.002353    392.000000
     0.144593      0.124027      0.300000    131.329030      0.028874      0.002042    400.000000
     0.144593      0.131582      0.300000    139.329030      0.020631      0.001489    384.000000
     0.144593      0.139137      0.300000    147.329030      0.020652      0.001322    488.000000
     0.144593      0.146692      0.300000    155.329030      0.023949      0.001572    464.000000
     0.144593      0.154247      0.300000    163.329030      0.016140      0.000972    552.000000
     0.144593      0.161803      0.300000    171.329030      0.017087      0.001085    496.000000
     0.144593      0.169358      0.300000    179.329030      0.017496      0.001093    512.000000
     0.144593      0.176913      0.300000    187.329030      0.011789      0.000672    616.000000
     0.144593      0.184468      0.300000    195.329030      0.013748      0.000810    576.000000
     0.144593      0.192023      0.300000    203.329030      0.013964      0.000786    632.000000
     0.144593      0.199579      0.300000    211.329030      0.010778      0.000610    624.000000
     0.144593      0.207134      0.300000    219.329030      0.009348      0.000516    656.000000
     0.144593      0.214689      0.300000    227.329030      0.009745      0.000522    696.000000
     0.144593      0.222244      0.300000    235.329030      0.010130      0.000534    720.000000
     0.144593      0.229799      0.300000    243.329030      0.010893      0.000786    384.000000
     0.192791      0.048475      0.400000     51.329030      0.019067      0.002644    104.000000
     0.192791      0.056030      0.400000     59.329030      0.016593      0.001810    168.000000
     0.192791      0.063585      0.400000     67.329030      0.015453      0.001460    224.000000
     0.192791      0.071141      0.400000     75.329030      0.022688      0.002225    208.000000
     0.192791      0.078696      0.400000     83.329030      0.017293      0.001505    264.000000
     0.192791      0.086251      0.400000     91.329030      0.019277      0.001606    288.000000
     0.192791      0.093806      0.400000     99.329030      0.021211      0.001793    280.000000
     0.192791      0.101361      0.400000    107.329030      0.020038      0.001510    352.000000
     0.192791      0.108916      0.400000    115.329030      0.026093      0.002013    336.000000
     0.192791      0.116472      0.400000    123.329030      0.024487      0.001749    392.000000
     0.192791      0.124027      0.400000    131.329030      0.021989      0.001555    400.000000
     0.192791      0.131582      0.400000    139.329030      0.019809      0.001430    384.000000
     0.192791      0.139137      0.400000    147.329030      0.021261      0.001361    488.000000
     0.192791      0.146692      0.400000    155.329030      0.021822      0.001433    464.000000
     0.192791      0.154247      0.400000    163.329030      0.016355      0.000984    552.000000
     0.192791      0.161803      0.400000    171.329030      0.014218      0.000903    496.000000
     0.192791      0.169358      0.400000    179.329030      0.014213      0.000888    512.000000
     0.192791      0.176913      0.400000    187.329030      0.012012      0.000684    616.000000
     0.192791      0.184468      0.400000    195.329030      0.013564      0.000799    576.000000
     0.192791      0.192023      0.400000    203.329030      0.015075      0.000848    632.000000
     0.192791      0.199579      0.400000    211.329030      0.010656      0.000603    624.000000
     0.192791      0.207134      0.400000    219.329030      0.009133      0.000504    656.000000
     0.192791      0.214689      0.400000    227.329030      0.007659      0.000411    696.000000
     0.192791      0.222244      0.400000    235.329030      0.009607      0.000506    720.000000
     0.192791      0.229799      0.400000    243.329030      0.014370      0.001037    384.000000
     0.240989      0.048475      0.500000     51.329030      0.022416      0.003109    104.000000
     0.240989      0.056030      0.500000     59.329030      0.010445      0.001140    168.000000
     0.240989      0.063585      0.500000     67.329030      0.010037      0.000948    224.000000
     0.240989      0.071141      0.500000     75.329030      0.019185      0.001881    208.000000
     0.240989      0.078696      0.500000     83.329030      0.015367      0.001338    264.000000
     0.240989      0.086251      0.500000     91.329030      0.011973      0.000998    288.000000
     0.240989      0.093806      0.500000     99.329030      0.017036      0.001440    280.000000
     0.240989      0.101361      0.500000    107.329030      0.016537      0.001247    352.000000
     0.240989      0.108916      0.500000    115.329030      0.022082      0.001704    336.000000
     0.240989      0.116472      0.500000    123.329030      0.014901      0.001064    392.000000
     0.240989      0.124027      0.500000    131.329030      0.016575      0.001172    400.000000
     0.240989      0.131582      0.500000    139.329030      0.017522      0.001265    384.000000
     0.240989      0.139137      0.500000    147.329030      0.017016      0.001089    488.000000
     0.240989      0.146692      0.500000    155.329030      0.015958      0.001048    464.000000
     0.240989      0.154247      0.500000    163.329030      0.013363      0.000804    552.000000
     0.240989      0.161803      0.500000    171.329030      0.013107      0.000832    496.000000
     0.240989      0.169358      0.500000    179.329030      0.014262      0.000891    512.000000
     0.240989      0.176913      0.500000    187.329030      0.011668      0.000665    616.000000
     0.240989      0.184468      0.500000    195.329030      0.010260      0.000605    576.000000
     0.240989      0.192023      0.500000    203.329030      0.011521      0.000648    632.000000
     0.240989      0.199579      0.500000    211.329030      0.010552      0.000597    624.000000
     0.240989      0.207134      0.500000    219.329030      0.010149      0.000560    656.000000
     0.240989      0.214689      0.500000    227.329030      0.008739      0.000468    696.000000
     0.240989      0.222244      0.500000    235.329030      0.010471      0.000552    720.000000
     0.240989      0.229799      0.500000    243.329030      0.013515      0.000975    384.000000
     0.289187      0.048475      0.600000     51.329030      0.010949      0.001518    104.000000
     0.289187      0.056030      0.600000     59.329030      0.007908      0.000863    168.000000
     0.289187      0.063585      0.600000     67.329030      0.010092      0.000954    224.000000
     0.289187      0.071141      0.600000     75.329030      0.012486      0.001224    208.000000
     0.289187      0.078696      0.600000     83.329030      0.011159      0.000971    264.000000
     0.289187      0.086251      0.600000     91.329030      0.007685      0.000640    288.000000
     0.289187      0.093806      0.600000     99.329030      0.013745      0.001162    280.000000
     0.289187      0.101361      0.600000    107.329030      0.014221      0.001072    352.000000
     0.289187      0.108916      0.600000    115.329030      0.015571      0.001201    336.000000
     0.289187      0.116472      0.600000    123.329030      0.016793      0.001199    392.000000
     0.289187      0.124027      0.600000    131.329030      0.017645      0.001248    400.000000
     0.289187      0.131582      0.600000    139.329030      0.014845      0.001071    384.000000
     0.289187      0.139137      0.600000    147.329030      0.011688      0.000748    488.000000
     0.289187      0.146692      0.600000    155.329030      0.016277      0.001069    464.000000
     0.289187      0.154247      0.600000    163.329030      0.009563      0.000576    552.000000
     0.289187      0.161803      0.600000    171.329030      0.013321      0.000846    496.000000
     0.289187      0.169358      0.600000    179.329030      0.012498      0.000781    512.000000
     0.289187      0.176913      0.600000    187.329030      0.009525      0.000543    616.000000
     0.289187      0.184468      0.600000    195.329030      0.010515      0.000620    576.000000
     0.289187      0.192023      0.600000    203.329030      0.010623      0.000598    632.000000
     0.289187      0.199579      0.600000    211.329030      0.009509      0.000538    624.000000
     0.289187      0.207134      0.600000    219.329030      0.008659      0.000478    656.000000
     0.289187      0.214689      0.600000    227.329030      0.009922      0.000532    696.000000
     0.289187      0.222244      0.600000    235.329030      0.010184      0.000537    720.000000
     0.289187      0.229799      0.600000    243.329030      0.011220      0.000810    384.000000
     0.337385      0.048475      0.700000     51.329030      0.011568      0.001604    104.000000
     0.337385      0.056030      0.700000     59.329030      0.007317      0.000798    168.000000
     0.337385      0.063585      0.700000     67.329030      0.009325      0.000881    224.000000
     0.337385      0.071141      0.700000     75.329030      0.013472      0.001321    208.000000
     0.337385      0.078696      0.700000     83.329030      0.009427      0.000820    264.000000
     0.337385      0.086251      0.700000     91.329030      0.010272      0.000856    288.000000
     0.337385      0.093806      0.700000     99.329030      0.015773      0.001333    280.000000
     0.337385      0.101361      0.700000    107.329030      0.014847      0.001119    352.000000
     0.337385      0.108916      0.700000    115.329030      0.013560      0.001046    336.000000
     0.337385      0.116472      0.700000    123.329030      0.017899      0.001278    392.000000
     0.337385      0.124027      0.700000    131.329030      0.013425      0.000949    400.000000
     0.337385      0.131582      0.700000    139.329030      0.013073      0.000943    384.000000
     0.337385      0.139137      0.700000    147.329030      0.012148      0.000778    488.000000
     0.337385      0.146692      0.700000    155.329030      0.013425      0.000881    464.000000
     0.337385      0.154247      0.700000    163.329030      0.010738      0.000646    552.000000
     0.337385      0.161803      0.700000    171.329030      0.011880      0.000754    496.000000
     0.337385      0.169358      0.700000    179.329030      0.010768      0.000673    512.000000
     0.337385      0.176913      0.700000    187.329030      0.008404      0.000479    616.000000
     0.337385      0.184468      0.700000    195.329030      0.008599      0.000507    576.000000
     0.337385      0.192023      0.700000    203.329030      0.008558      0.000481    632.000000
     0.337385      0.199579      0.700000    211.329030      0.008566      0.000485    624.000000
     0.337385      0.207134      0.700000    219.329030      0.007213      0.000398    656.000000
     0.337385      0.214689      0.700000    227.329030      0.010187      0.000546    696.000000
     0.337385      0.222244      0.700000    235.329030      0.008889      0.000468    720.000000
     0.337385      0.229799      0.700000    243.329030      0.009422      0.000680    384.000000
     0.385583      0.048475      0.800000     51.329030      0.009652      0.001338    104.000000
     0.385583      0.056030      0.800000     59.329030      0.005740      0.000626    168.000000
     0.385583      0.063585      0.800000     67.329030      0.006633      0.000627    224.000000
     0.385583      0.071141      0.800000     75.329030      0.011362      0.001114    208.000000
     0.385583      0.078696      0.800000     83.329030      0.008033      0.000699    264.000000
     0.385583      0.086251      0.800000     91.329030      0.009046      0.000754    288.000000
     0.385583      0.093806      0.800000     99.329030      0.014452      0.001221    280.000000
     0.385583      0.101361      0.800000    107.329030      0.011642      0.000878    352.000000
     0.385583      0.108916      0.800000    115.329030      0.011472      0.000885    336.000000
     0.385583      0.116472      0.800000    123.329030      0.013327      0.000952    392.000000
     0.385583      0.124027      0.800000    131.329030      0.015892      0.001124    400.000000
     0.385583      0.131582      0.800000    139.329030      0.015078      0.001088    384.000000
     0.385583      0.139137      0.800000    147.329030      0.009437      0.000604    488.000000
     0.385583      0.146692      0.800000    155.329030      0.009613      0.000631    464.000000
     0.385583      0.154247      0.800000    163.329030      0.010894      0.000656    552.000000
     0.385583      0.161803      0.800000    171.329030      0.011554      0.000734    496.000000
     0.385583      0.169358      0.800000    179.329030      0.013680      0.000855    512.000000
     0.385583      0.176913      0.800000    187.329030      0.009549      0.000544    616.000000
     0.385583      0.184468      0.800000    195.329030      0.008635      0.000509    576.000000
     0.385583      0.192023      0.800000    203.329030      0.008405      0.000473    632.000000
     0.385583      0.199579      0.800000    211.329030      0.007603      0.000430    624.000000
     0.385583      0.207134      0.800000    219.329030      0.008389      0.000463    656.000000
     0.385583      0.214689      0.800000    227.329030      0.008069      0.000433    696.000000
     0.385583      0.222244      0.800000    235.329030      0.007981      0.000421    720.000000
     0.385583      0.229799      0.800000    243.329030      0.008976      0.000648    384.000000
     0.433780      0.048475      0.900000     51.329030      0.006981      0.000968    104.000000
     0.433780      0.056030      0.900000     59.329030      0.006819      0.000744    168.000000
     0.433780      0.063585      0.900000     67.329030      0.007152      0.000676    224.000000
     0.433780      0.071141      0.900000     75.329030      0.007879      0.000773    208.000000
     0.433780      0.078696      0.900000     83.329030      0.008817      0.000767    264.000000
     0.433780      0.086251      0.900000     91.329030      0.007753      0.000646    288.000000
     0.433780      0.093806      0.900000     99.329030      0.010234      0.000865    280.000000
     0.433780      0.101361      0.900000    107.329030      0.010549      0.000795    352.000000
     0.433780      0.108916      0.900000    115.329030      0.009362      0.000722    336.000000
     0.433780      0.116472      0.900000    123.329030      0.011638      0.000831    392.000000
     0.433780      0.124027      0.900000    131.329030      0.014938      0.001056    400.000000
     0.433780      0.131582      0.900000    139.329030      0.010766      0.000777    384.000000
     0.433780      0.139137      0.900000    147.329030      0.010801      0.000691    488.000000
     0.433780      0.146692      0.900000    155.329030      0.010649      0.000699    464.000000
     0.433780      0.154247      0.900000    163.329030      0.010081      0.000607    552.000000
     0.433780      0.161803      0.900000    171.329030      0.011529      0.000732    496.000000
     0.433780      0.169358      0.900000    179.329030      0.012171      0.000761    512.000000
     0.433780      0.176913      0.900000    187.329030      0.008166      0.000465    616.000000
     0.433780      0.184468      0.900000    195.329030      0.008101      0.000477    576.000000
     0.433780      0.192023      0.900000    203.329030      0.009173      0.000516    632.000000
     0.433780      0.199579      0.900000    211.329030      0.007165      0.000406    624.000000
     0.433780      0.207134      0.900000    219.329030      0.007999      0.000442    656.000000
     0.433780      0.214689      0.900000    227.329030      0.007353      0.000394    696.000000
     0.433780      0.222244      0.900000    235.329030      0.006901      0.000364    720.000000
     0.433780      0.229799      0.900000    243.329030      0.010813      0.000780    384.000000
