# Cylindrically averaged Power Spectra n_kper=25, n_kpar=9
# k_par (h cMpc^-1), k_per (h cMpc^-1), Delay (us), Baseline (lambda), P (K^2 h^-3 cMpc^3), P_err (K^2 h^-3 cMpc^3), N_eff
# 
     0.048198      0.048475      0.100000     51.329030 206500.837396  28636.513756    104.000000
     0.048198      0.056030      0.100000     59.329030 155130.188133  16926.091183    168.000000
     0.048198      0.063585      0.100000     67.329030 112868.003444  10665.023860    224.000000
     0.048198      0.071141      0.100000     75.329030  85389.210520   8373.100975    208.000000
     0.048198      0.078696      0.100000     83.329030  66529.883543   5790.683089    264.000000
     0.048198      0.086251      0.100000     91.329030  52899.627331   4408.302278    288.000000
     0.048198      0.093806      0.100000     99.329030  42955.622408   3630.412704    280.000000
     0.048198      0.101361      0.100000    107.329030  35347.039226   2664.383331    352.000000
     0.048198      0.108916      0.100000    115.329030  29419.080547   2269.731341    336.000000
     0.048198      0.116472      0.100000    123.329030  24821.006526   1772.929038    392.000000
     0.048198      0.124027      0.100000    131.329030  21099.224441   1491.940468    400.000000
     0.048198      0.131582      0.100000    139.329030  18401.728843   1328.030388    384.000000
     0.048198      0.139137      0.100000    147.329030  15987.112609   1023.470009    488.000000
     0.048198      0.146692      0.100000    155.329030  13919.303515    913.847046    464.000000
     0.048198      0.154247      0.100000    163.329030  12195.566506    734.086839    552.000000
     0.048198      0.161803      0.100000    171.329030  10783.770527    684.770113    496.000000
     0.048198      0.169358      0.100000    179.329030   9721.481403    607.592588    512.000000
     0.048198      0.176913      0.100000    187.329030   8734.588750    497.699385    616.000000
     0.048198      0.184468      0.100000    195.329030   7808.822653    460.139288    576.000000
     0.048198      0.192023      0.100000    203.329030   7086.381296    398.640093    632.000000
     0.048198      0.199579      0.100000    211.329030   6434.280508    364.269403    624.000000
     0.048198      0.207134      0.100000    219.329030   5878.223534    324.570598    656.000000
     0.048198      0.214689      0.100000    227.329030   5390.444640    288.958163    696.000000
     0.048198      0.222244      0.100000    235.329030   4928.420347    259.750559    720.000000
     0.048198      0.229799      0.100000    243.329030   4621.427574    333.522807    384.000000
     0.096396      0.048475      0.200000     51.329030    208.311695     28.887635    104.000000
     0.096396      0.056030      0.200000     59.329030    156.449490     17.070039    168.000000
     0.096396      0.063585      0.200000     67.329030    113.755027     10.748840    224.000000
     0.096396      0.071141      0.200000     75.329030     86.136025      8.446332    208.000000
     0.096396      0.078696      0.200000     83.329030     67.096193      5.839974    264.000000
     0.096396      0.086251      0.200000     91.329030     53.415007      4.451251    288.000000
     0.096396      0.093806      0.200000     99.329030     43.380517      3.666323    280.000000
     0.096396      0.101361      0.200000    107.329030     35.675366      2.689132    352.000000
     0.096396      0.108916      0.200000    115.329030     29.689464      2.290592    336.000000
     0.096396      0.116472      0.200000    123.329030     25.043690      1.788835    392.000000
     0.096396      0.124027      0.200000    131.329030     21.270595      1.504058    400.000000
     0.096396      0.131582      0.200000    139.329030     18.572310      1.340341    384.000000
     0.096396      0.139137      0.200000    147.329030     16.129617      1.032593    488.000000
     0.096396      0.146692      0.200000    155.329030     14.037833      0.921629    464.000000
     0.096396      0.154247      0.200000    163.329030     12.296894      0.740186    552.000000
     0.096396      0.161803      0.200000    171.329030     10.870183      0.690257    496.000000
     0.096396      0.169358      0.200000    179.329030      9.808755      0.613047    512.000000
     0.096396      0.176913      0.200000    187.329030      8.816471      0.502365    616.000000
     0.096396      0.184468      0.200000    195.329030      7.873706      0.463963    576.000000
     0.096396      0.192023      0.200000    203.329030      7.149439      0.402187    632.000000
     0.096396      0.199579      0.200000    211.329030      6.489047      0.367370    624.000000
     0.096396      0.207134      0.200000    219.329030      5.929483      0.327401    656.000000
     0.096396      0.214689      0.200000    227.329030      5.439628      0.291595    696.000000
     0.096396      0.222244      0.200000    235.329030      4.970298      0.261958    720.000000
     0.096396      0.229799      0.200000    243.329030      4.661325      0.336402    384.000000
     0.144593      0.048475      0.300000     51.329030     27.067660      3.753609    104.000000
     0.144593      0.056030      0.300000     59.329030     20.331467      2.218345    168.000000
     0.144593      0.063585      0.300000     67.329030     14.787862      1.397322    224.000000
     0.144593      0.071141      0.300000     75.329030     11.192482      1.097513    208.000000
     0.144593      0.078696      0.300000     83.329030      8.719472      0.758933    264.000000
     0.144593      0.086251      0.300000     91.329030      6.937279      0.578107    288.000000
     0.144593      0.093806      0.300000     99.329030      5.633627      0.476128    280.000000
     0.144593      0.101361      0.300000    107.329030      4.634393      0.349331    352.000000
     0.144593      0.108916      0.300000    115.329030      3.856985      0.297573    336.000000
     0.144593      0.116472      0.300000    123.329030      3.253804      0.232415    392.000000
     0.144593      0.124027      0.300000    131.329030      2.764757      0.195498    400.000000
     0.144593      0.131582      0.300000    139.329030      2.412647      0.174118    384.000000
     0.144593      0.139137      0.300000    147.329030      2.095700      0.134163    488.000000
     0.144593      0.146692      0.300000    155.329030      1.824279      0.119770    464.000000
     0.144593      0.154247      0.300000    163.329030      1.598202      0.096200    552.000000
     0.144593      0.161803      0.300000    171.329030      1.412985      0.089725    496.000000
     0.144593      0.169358      0.300000    179.329030      1.274396      0.079650    512.000000
     0.144593      0.176913      0.300000    187.329030      1.145250      0.065257    616.000000
     0.144593      0.184468      0.300000    195.329030      1.023329      0.060300    576.000000
     0.144593      0.192023      0.300000    203.329030      0.928925      0.052256    632.000000
     0.144593      0.199579      0.300000    211.329030      0.843282      0.047741    624.000000
     0.144593      0.207134      0.300000    219.329030      0.770483      0.042543    656.000000
     0.144593      0.214689      0.300000    227.329030      0.706691      0.037883    696.000000
     0.144593      0.222244      0.300000    235.329030      0.645918      0.034043    720.000000
     0.144593      0.229799      0.300000    243.329030      0.605724      0.043714    384.000000
     0.192791      0.048475      0.400000     51.329030      7.038858      0.976114    104.000000
     0.192791      0.056030      0.400000     59.329030      5.287402      0.576903    168.000000
     0.192791      0.063585      0.400000     67.329030      3.846209      0.363433    224.000000
     0.192791      0.071141      0.400000     75.329030      2.910584      0.285406    208.000000
     0.192791      0.078696      0.400000     83.329030      2.267587      0.197368    264.000000
     0.192791      0.086251      0.400000     91.329030      1.803681      0.150307    288.000000
     0.192791      0.093806      0.400000     99.329030      1.464695      0.123789    280.000000
     0.192791      0.101361      0.400000    107.329030      1.205037      0.090833    352.000000
     0.192791      0.108916      0.400000    115.329030      1.002914      0.077376    336.000000
     0.192791      0.116472      0.400000    123.329030      0.846107      0.060436    392.000000
     0.192791      0.124027      0.400000    131.329030      0.719053      0.050845    400.000000
     0.192791      0.131582      0.400000    139.329030      0.627342      0.045274    384.000000
     0.192791      0.139137      0.400000    147.329030      0.544965      0.034888    488.000000
     0.192791      0.146692      0.400000    155.329030      0.474423      0.031147    464.000000
     0.192791      0.154247      0.400000    163.329030      0.415644      0.025019    552.000000
     0.192791      0.161803      0.400000    171.329030      0.367496      0.023336    496.000000
     0.192791      0.169358      0.400000    179.329030      0.331390      0.020712    512.000000
     0.192791      0.176913      0.400000    187.329030      0.297782      0.016968    616.000000
     0.192791      0.184468      0.400000    195.329030      0.266136      0.015682    576.000000
     0.192791      0.192023      0.400000    203.329030      0.241558      0.013589    632.000000
     0.192791      0.199579      0.400000    211.329030      0.219303      0.012416    624.000000
     0.192791      0.207134      0.400000    219.329030      0.200364      0.011063    656.000000
     0.192791      0.214689      0.400000    227.329030      0.183759      0.009851    696.000000
     0.192791      0.222244      0.400000    235.329030      0.167977      0.008853    720.000000
     0.192791      0.229799      0.400000    243.329030      0.157521      0.011368    384.000000
     0.240989      0.048475      0.500000     51.329030      2.432708      0.337356    104.000000
     0.240989      0.056030      0.500000     59.329030      1.827423      0.199388    168.000000
     0.240989      0.063585      0.500000     67.329030      1.329404      0.125617    224.000000
     0.240989      0.071141      0.500000     75.329030      1.005935      0.098640    208.000000
     0.240989      0.078696      0.500000     83.329030      0.783721      0.068214    264.000000
     0.240989      0.086251      0.500000     91.329030      0.623314      0.051943    288.000000
     0.240989      0.093806      0.500000     99.329030      0.506160      0.042778    280.000000
     0.240989      0.101361      0.500000    107.329030      0.416454      0.031391    352.000000
     0.240989      0.108916      0.500000    115.329030      0.346604      0.026741    336.000000
     0.240989      0.116472      0.500000    123.329030      0.292419      0.020887    392.000000
     0.240989      0.124027      0.500000    131.329030      0.248527      0.017574    400.000000
     0.240989      0.131582      0.500000    139.329030      0.216805      0.015647    384.000000
     0.240989      0.139137      0.500000    147.329030      0.188343      0.012057    488.000000
     0.240989      0.146692      0.500000    155.329030      0.163968      0.010765    464.000000
     0.240989      0.154247      0.500000    163.329030      0.143657      0.008647    552.000000
     0.240989      0.161803      0.500000    171.329030      0.127019      0.008066    496.000000
     0.240989      0.169358      0.500000    179.329030      0.114529      0.007158    512.000000
     0.240989      0.176913      0.500000    187.329030      0.102912      0.005864    616.000000
     0.240989      0.184468      0.500000    195.329030      0.091984      0.005420    576.000000
     0.240989      0.192023      0.500000    203.329030      0.083484      0.004696    632.000000
     0.240989      0.199579      0.500000    211.329030      0.075796      0.004291    624.000000
     0.240989      0.207134      0.500000    219.329030      0.069248      0.003824    656.000000
     0.240989      0.214689      0.500000    227.329030      0.063507      0.003404    696.000000
     0.240989      0.222244      0.500000    235.329030      0.058056      0.003060    720.000000
     0.240989      0.229799      0.500000    243.329030      0.054441      0.003929    384.000000
     0.289187      0.048475      0.600000     51.329030      0.953778      0.132265    104.000000
     0.289187      0.056030      0.600000     59.329030      0.716483      0.078175    168.000000
     0.289187      0.063585      0.600000     67.329030      0.521238      0.049252    224.000000
     0.289187      0.071141      0.600000     75.329030      0.394391      0.038673    208.000000
     0.289187      0.078696      0.600000     83.329030      0.307272      0.026745    264.000000
     0.289187      0.086251      0.600000     91.329030      0.244369      0.020364    288.000000
     0.289187      0.093806      0.600000     99.329030      0.198438      0.016771    280.000000
     0.289187      0.101361      0.600000    107.329030      0.163274      0.012307    352.000000
     0.289187      0.108916      0.600000    115.329030      0.135890      0.010484    336.000000
     0.289187      0.116472      0.600000    123.329030      0.114646      0.008189    392.000000
     0.289187      0.124027      0.600000    131.329030      0.097443      0.006890    400.000000
     0.289187      0.131582      0.600000    139.329030      0.085000      0.006134    384.000000
     0.289187      0.139137      0.600000    147.329030      0.073843      0.004727    488.000000
     0.289187      0.146692      0.600000    155.329030      0.064287      0.004221    464.000000
     0.289187      0.154247      0.600000    163.329030      0.056325      0.003390    552.000000
     0.289187      0.161803      0.600000    171.329030      0.049802      0.003162    496.000000
     0.289187      0.169358      0.600000    179.329030      0.044903      0.002806    512.000000
     0.289187      0.176913      0.600000    187.329030      0.040346      0.002299    616.000000
     0.289187      0.184468      0.600000    195.329030      0.036065      0.002125    576.000000
     0.289187      0.192023      0.600000    203.329030      0.032731      0.001841    632.000000
     0.289187      0.199579      0.600000    211.329030      0.029717      0.001682    624.000000
     0.289187      0.207134      0.600000    219.329030      0.027150      0.001499    656.000000
     0.289187      0.214689      0.600000    227.329030      0.024899      0.001335    696.000000
     0.289187      0.222244      0.600000    235.329030      0.022762      0.001200    720.000000
     0.289187      0.229799      0.600000    243.329030      0.021344      0.001540    384.000000
     0.337385      0.048475      0.700000     51.329030      0.380658      0.052788    104.000000
     0.337385      0.056030      0.700000     59.329030      0.285950      0.031200    168.000000
     0.337385      0.063585      0.700000     67.329030      0.208030      0.019657    224.000000
     0.337385      0.071141      0.700000     75.329030      0.157402      0.015435    208.000000
     0.337385      0.078696      0.700000     83.329030      0.122634      0.010674    264.000000
     0.337385      0.086251      0.700000     91.329030      0.097525      0.008127    288.000000
     0.337385      0.093806      0.700000     99.329030      0.079193      0.006693    280.000000
     0.337385      0.101361      0.700000    107.329030      0.065162      0.004912    352.000000
     0.337385      0.108916      0.700000    115.329030      0.054233      0.004184    336.000000
     0.337385      0.116472      0.700000    123.329030      0.045755      0.003268    392.000000
     0.337385      0.124027      0.700000    131.329030      0.038890      0.002750    400.000000
     0.337385      0.131582      0.700000    139.329030      0.033923      0.002448    384.000000
     0.337385      0.139137      0.700000    147.329030      0.029470      0.001887    488.000000
     0.337385      0.146692      0.700000    155.329030      0.025657      0.001684    464.000000
     0.337385      0.154247      0.700000    163.329030      0.022480      0.001353    552.000000
     0.337385      0.161803      0.700000    171.329030      0.019876      0.001262    496.000000
     0.337385      0.169358      0.700000    179.329030      0.017920      0.001120    512.000000
     0.337385      0.176913      0.700000    187.329030      0.016102      0.000918    616.000000
     0.337385      0.184468      0.700000    195.329030      0.014393      0.000848    576.000000
     0.337385      0.192023      0.700000    203.329030      0.013063      0.000735    632.000000
     0.337385      0.199579      0.700000    211.329030      0.011860      0.000671    624.000000
     0.337385      0.207134      0.700000    219.329030      0.010835      0.000598    656.000000
     0.337385      0.214689      0.700000    227.329030      0.009937      0.000533    696.000000
     0.337385      0.222244      0.700000    235.329030      0.009084      0.000479    720.000000
     0.337385      0.229799      0.700000    243.329030      0.008519      0.000615    384.000000
     0.385583      0.048475      0.800000     51.329030      0.134655      0.018673    104.000000
     0.385583      0.056030      0.800000     59.329030      0.101154      0.011037    168.000000
     0.385583      0.063585      0.800000     67.329030      0.073591      0.006954    224.000000
     0.385583      0.071141      0.800000     75.329030      0.055680      0.005460    208.000000
     0.385583      0.078696      0.800000     83.329030      0.043382      0.003776    264.000000
     0.385583      0.086251      0.800000     91.329030      0.034499      0.002875    288.000000
     0.385583      0.093806      0.800000     99.329030      0.028014      0.002368    280.000000
     0.385583      0.101361      0.800000    107.329030      0.023051      0.001738    352.000000
     0.385583      0.108916      0.800000    115.329030      0.019184      0.001480    336.000000
     0.385583      0.116472      0.800000    123.329030      0.016186      0.001156    392.000000
     0.385583      0.124027      0.800000    131.329030      0.013757      0.000973    400.000000
     0.385583      0.131582      0.800000    139.329030      0.012000      0.000866    384.000000
     0.385583      0.139137      0.800000    147.329030      0.010425      0.000667    488.000000
     0.385583      0.146692      0.800000    155.329030      0.009076      0.000596    464.000000
     0.385583      0.154247      0.800000    163.329030      0.007952      0.000479    552.000000
     0.385583      0.161803      0.800000    171.329030      0.007031      0.000446    496.000000
     0.385583      0.169358      0.800000    179.329030      0.006340      0.000396    512.000000
     0.385583      0.176913      0.800000    187.329030      0.005696      0.000325    616.000000
     0.385583      0.184468      0.800000    195.329030      0.005092      0.000300    576.000000
     0.385583      0.192023      0.800000    203.329030      0.004621      0.000260    632.000000
     0.385583      0.199579      0.800000    211.329030      0.004195      0.000238    624.000000
     0.385583      0.207134      0.800000    219.329030      0.003833      0.000212    656.000000
     0.385583      0.214689      0.800000    227.329030      0.003515      0.000188    696.000000
     0.385583      0.222244      0.800000    235.329030      0.003214      0.000169    720.000000
     0.385583      0.229799      0.800000    243.329030      0.003013      0.000217    384.000000
     0.433780      0.048475      0.900000     51.329030      0.029552      0.004098    104.000000
     0.433780      0.056030      0.900000     59.329030      0.022201      0.002422    168.000000
     0.433780      0.063585      0.900000     67.329030      0.016151      0.001526    224.000000
     0.433780      0.071141      0.900000     75.329030      0.012220      0.001198    208.000000
     0.433780      0.078696      0.900000     83.329030      0.009521      0.000829    264.000000
     0.433780      0.086251      0.900000     91.329030      0.007571      0.000631    288.000000
     0.433780      0.093806      0.900000     99.329030      0.006148      0.000520    280.000000
     0.433780      0.101361      0.900000    107.329030      0.005059      0.000381    352.000000
     0.433780      0.108916      0.900000    115.329030      0.004210      0.000325    336.000000
     0.433780      0.116472      0.900000    123.329030      0.003552      0.000254    392.000000
     0.433780      0.124027      0.900000    131.329030      0.003019      0.000214    400.000000
     0.433780      0.131582      0.900000    139.329030      0.002634      0.000190    384.000000
     0.433780      0.139137      0.900000    147.329030      0.002288      0.000146    488.000000
     0.433780      0.146692      0.900000    155.329030      0.001992      0.000131    464.000000
     0.433780      0.154247      0.900000    163.329030      0.001745      0.000105    552.000000
     0.433780      0.161803      0.900000    171.329030      0.001543      0.000098    496.000000
     0.433780      0.169358      0.900000    179.329030      0.001391      0.000087    512.000000
     0.433780      0.176913      0.900000    187.329030      0.001250      0.000071    616.000000
     0.433780      0.184468      0.900000    195.329030      0.001118      0.000066    576.000000
     0.433780      0.192023      0.900000    203.329030      0.001014      0.000057    632.000000
     0.433780      0.199579      0.900000    211.329030      0.000921      0.000052    624.000000
     0.433780      0.207134      0.900000    219.329030      0.000841      0.000046    656.000000
     0.433780      0.214689      0.900000    227.329030      0.000771      0.000041    696.000000
     0.433780      0.222244      0.900000    235.329030      0.000705      0.000037    720.000000
     0.433780      0.229799      0.900000    243.329030      0.000661      0.000048    384.000000
