# Spatial Power Spectra n_freqs=21, n_kper=25
# Freq (MHz), k_per (h cMpc^-1), Baseline (lambda), P (K^2 h^-2 cMpc^2), P_err (K^2 h^-2 cMpc^2), N_eff
# 
   115.000000      0.048475     51.329030      0.002586      0.000507     52.000000
   115.500000      0.048475     59.329030      0.003479      0.000537     84.000000
   116.000000      0.048475     67.329030      0.002845      0.000380    112.000000
   116.500000      0.048475     75.329030      0.003070      0.000426    104.000000
   117.000000      0.048475     83.329030      0.004401      0.000542    132.000000
   117.500000      0.048475     91.329030      0.002349      0.000277    144.000000
   118.000000      0.048475     99.329030      0.003806      0.000455    140.000000
   118.500000      0.048475    107.329030      0.003568      0.000380    176.000000
   119.000000      0.048475    115.329030      0.003337      0.000364    168.000000
   119.500000      0.048475    123.329030      0.003073      0.000310    196.000000
   120.000000      0.048475    131.329030      0.002866      0.000287    200.000000
   120.500000      0.048475    139.329030      0.003927      0.000401    192.000000
   121.000000      0.048475    147.329030      0.002831      0.000256    244.000000
   121.500000      0.048475    155.329030      0.003101      0.000288    232.000000
   122.000000      0.048475    163.329030      0.002089      0.000178    276.000000
   122.500000      0.048475    171.329030      0.002379      0.000214    248.000000
   123.000000      0.048475    179.329030      0.002111      0.000187    256.000000
   123.500000      0.048475    187.329030      0.001707      0.000138    308.000000
   124.000000      0.048475    195.329030      0.001790      0.000149    288.000000
   124.500000      0.048475    203.329030      0.001577      0.000125    316.000000
   125.000000      0.048475    211.329030      0.001646      0.000132    312.000000
   115.000000      0.056030    219.329030      0.001479      0.000116    328.000000
   115.500000      0.056030    227.329030      0.001727      0.000131    348.000000
   116.000000      0.056030    235.329030      0.001518      0.000113    360.000000
   116.500000      0.056030    243.329030      0.001506      0.000154    192.000000
   117.000000      0.056030     51.329030      0.002428      0.000476     52.000000
   117.500000      0.056030     59.329030      0.002764      0.000426     84.000000
   118.000000      0.056030     67.329030      0.002192      0.000293    112.000000
   118.500000      0.056030     75.329030      0.002976      0.000413    104.000000
   119.000000      0.056030     83.329030      0.003875      0.000477    132.000000
   119.500000      0.056030     91.329030      0.002228      0.000263    144.000000
   120.000000      0.056030     99.329030      0.002245      0.000268    140.000000
   120.500000      0.056030    107.329030      0.002883      0.000307    176.000000
   121.000000      0.056030    115.329030      0.002406      0.000262    168.000000
   121.500000      0.056030    123.329030      0.003643      0.000368    196.000000
   122.000000      0.056030    131.329030      0.003890      0.000389    200.000000
   122.500000      0.056030    139.329030      0.003420      0.000349    192.000000
   123.000000      0.056030    147.329030      0.002720      0.000246    244.000000
   123.500000      0.056030    155.329030      0.003140      0.000292    232.000000
   124.000000      0.056030    163.329030      0.002101      0.000179    276.000000
   124.500000      0.056030    171.329030      0.001926      0.000173    248.000000
   125.000000      0.056030    179.329030      0.002796      0.000247    256.000000
   115.000000      0.063585    187.329030      0.002209      0.000178    308.000000
   115.500000      0.063585    195.329030      0.001839      0.000153    288.000000
   116.000000      0.063585    203.329030      0.001886      0.000150    316.000000
   116.500000      0.063585    211.329030      0.002058      0.000165    312.000000
   117.000000      0.063585    219.329030      0.001478      0.000115    328.000000
   117.500000      0.063585    227.329030      0.001492      0.000113    348.000000
   118.000000      0.063585    235.329030      0.001393      0.000104    360.000000
   118.500000      0.063585    243.329030      0.001325      0.000135    192.000000
   119.000000      0.063585     51.329030      0.002617      0.000513     52.000000
   119.500000      0.063585     59.329030      0.002203      0.000340     84.000000
   120.000000      0.063585     67.329030      0.002197      0.000294    112.000000
   120.500000      0.063585     75.329030      0.002643      0.000367    104.000000
   121.000000      0.063585     83.329030      0.002596      0.000320    132.000000
   121.500000      0.063585     91.329030      0.002918      0.000344    144.000000
   122.000000      0.063585     99.329030      0.002853      0.000341    140.000000
   122.500000      0.063585    107.329030      0.002996      0.000319    176.000000
   123.000000      0.063585    115.329030      0.003270      0.000357    168.000000
   123.500000      0.063585    123.329030      0.002890      0.000292    196.000000
   124.000000      0.063585    131.329030      0.002622      0.000262    200.000000
   124.500000      0.063585    139.329030      0.004068      0.000415    192.000000
   125.000000      0.063585    147.329030      0.003521      0.000319    244.000000
   115.000000      0.071141    155.329030      0.002220      0.000206    232.000000
   115.500000      0.071141    163.329030      0.002014      0.000171    276.000000
   116.000000      0.071141    171.329030      0.002433      0.000218    248.000000
   116.500000      0.071141    179.329030      0.001666      0.000147    256.000000
   117.000000      0.071141    187.329030      0.002246      0.000181    308.000000
   117.500000      0.071141    195.329030      0.001876      0.000156    288.000000
   118.000000      0.071141    203.329030      0.001378      0.000110    316.000000
   118.500000      0.071141    211.329030      0.001036      0.000083    312.000000
   119.000000      0.071141    219.329030      0.001028      0.000080    328.000000
   119.500000      0.071141    227.329030      0.001902      0.000144    348.000000
   120.000000      0.071141    235.329030      0.001642      0.000122    360.000000
   120.500000      0.071141    243.329030      0.001271      0.000130    192.000000
   121.000000      0.071141     51.329030      0.002095      0.000411     52.000000
   121.500000      0.071141     59.329030      0.002390      0.000369     84.000000
   122.000000      0.071141     67.329030      0.003035      0.000406    112.000000
   122.500000      0.071141     75.329030      0.002694      0.000374    104.000000
   123.000000      0.071141     83.329030      0.003584      0.000441    132.000000
   123.500000      0.071141     91.329030      0.002652      0.000312    144.000000
   124.000000      0.071141     99.329030      0.003127      0.000374    140.000000
   124.500000      0.071141    107.329030      0.003618      0.000386    176.000000
   125.000000      0.071141    115.329030      0.002585      0.000282    168.000000
   115.000000      0.078696    123.329030      0.004539      0.000459    196.000000
   115.500000      0.078696    131.329030      0.003460      0.000346    200.000000
   116.000000      0.078696    139.329030      0.002578      0.000263    192.000000
   116.500000      0.078696    147.329030      0.003103      0.000281    244.000000
   117.000000      0.078696    155.329030      0.002717      0.000252    232.000000
   117.500000      0.078696    163.329030      0.002049      0.000174    276.000000
   118.000000      0.078696    171.329030      0.002245      0.000202    248.000000
   118.500000      0.078696    179.329030      0.002265      0.000200    256.000000
   119.000000      0.078696    187.329030      0.001635      0.000132    308.000000
   119.500000      0.078696    195.329030      0.001700      0.000142    288.000000
   120.000000      0.078696    203.329030      0.001759      0.000140    316.000000
   120.500000      0.078696    211.329030      0.001825      0.000146    312.000000
   121.000000      0.078696    219.329030      0.001154      0.000090    328.000000
   121.500000      0.078696    227.329030      0.002026      0.000154    348.000000
   122.000000      0.078696    235.329030      0.001256      0.000094    360.000000
   122.500000      0.078696    243.329030      0.002145      0.000219    192.000000
   123.000000      0.078696     51.329030      0.002597      0.000509     52.000000
   123.500000      0.078696     59.329030      0.002342      0.000361     84.000000
   124.000000      0.078696     67.329030      0.002859      0.000382    112.000000
   124.500000      0.078696     75.329030      0.003310      0.000459    104.000000
   125.000000      0.078696     83.329030      0.003924      0.000483    132.000000
   115.000000      0.086251     91.329030      0.002144      0.000253    144.000000
   115.500000      0.086251     99.329030      0.002878      0.000344    140.000000
   116.000000      0.086251    107.329030      0.003067      0.000327    176.000000
   116.500000      0.086251    115.329030      0.003480      0.000380    168.000000
   117.000000      0.086251    123.329030      0.003046      0.000308    196.000000
   117.500000      0.086251    131.329030      0.002463      0.000246    200.000000
   118.000000      0.086251    139.329030      0.002824      0.000288    192.000000
   118.500000      0.086251    147.329030      0.002483      0.000225    244.000000
   119.000000      0.086251    155.329030      0.002024      0.000188    232.000000
   119.500000      0.086251    163.329030      0.002207      0.000188    276.000000
   120.000000      0.086251    171.329030      0.002292      0.000206    248.000000
   120.500000      0.086251    179.329030      0.002602      0.000230    256.000000
   121.000000      0.086251    187.329030      0.001823      0.000147    308.000000
   121.500000      0.086251    195.329030      0.001559      0.000130    288.000000
   122.000000      0.086251    203.329030      0.002570      0.000204    316.000000
   122.500000      0.086251    211.329030      0.001418      0.000114    312.000000
   123.000000      0.086251    219.329030      0.001315      0.000103    328.000000
   123.500000      0.086251    227.329030      0.001837      0.000139    348.000000
   124.000000      0.086251    235.329030      0.001462      0.000109    360.000000
   124.500000      0.086251    243.329030      0.002212      0.000226    192.000000
   125.000000      0.086251     51.329030      0.001925      0.000377     52.000000
   115.000000      0.093806     59.329030      0.002040      0.000315     84.000000
   115.500000      0.093806     67.329030      0.002924      0.000391    112.000000
   116.000000      0.093806     75.329030      0.002725      0.000378    104.000000
   116.500000      0.093806     83.329030      0.003461      0.000426    132.000000
   117.000000      0.093806     91.329030      0.002426      0.000286    144.000000
   117.500000      0.093806     99.329030      0.003156      0.000377    140.000000
   118.000000      0.093806    107.329030      0.002800      0.000298    176.000000
   118.500000      0.093806    115.329030      0.002379      0.000260    168.000000
   119.000000      0.093806    123.329030      0.004141      0.000418    196.000000
   119.500000      0.093806    131.329030      0.004620      0.000462    200.000000
   120.000000      0.093806    139.329030      0.002281      0.000233    192.000000
   120.500000      0.093806    147.329030      0.003068      0.000278    244.000000
   121.000000      0.093806    155.329030      0.002325      0.000216    232.000000
   121.500000      0.093806    163.329030      0.001782      0.000152    276.000000
   122.000000      0.093806    171.329030      0.001822      0.000164    248.000000
   122.500000      0.093806    179.329030      0.002209      0.000195    256.000000
   123.000000      0.093806    187.329030      0.001479      0.000119    308.000000
   123.500000      0.093806    195.329030      0.001744      0.000145    288.000000
   124.000000      0.093806    203.329030      0.001582      0.000126    316.000000
   124.500000      0.093806    211.329030      0.001386      0.000111    312.000000
   125.000000      0.093806    219.329030      0.001502      0.000117    328.000000
   115.000000      0.101361    227.329030      0.001957      0.000148    348.000000
   115.500000      0.101361    235.329030      0.001467      0.000109    360.000000
   116.000000      0.101361    243.329030      0.001381      0.000141    192.000000
   116.500000      0.101361     51.329030      0.003130      0.000614     52.000000
   117.000000      0.101361     59.329030      0.002642      0.000408     84.000000
   117.500000      0.101361     67.329030      0.003239      0.000433    112.000000
   118.000000      0.101361     75.329030      0.002966      0.000411    104.000000
   118.500000      0.101361     83.329030      0.002284      0.000281    132.000000
   119.000000      0.101361     91.329030      0.002462      0.000290    144.000000
   119.500000      0.101361     99.329030      0.002785      0.000333    140.000000
   120.000000      0.101361    107.329030      0.002381      0.000254    176.000000
   120.500000      0.101361    115.329030      0.001997      0.000218    168.000000
   121.000000      0.101361    123.329030      0.003037      0.000307    196.000000
   121.500000      0.101361    131.329030      0.002988      0.000299    200.000000
   122.000000      0.101361    139.329030      0.002825      0.000288    192.000000
   122.500000      0.101361    147.329030      0.002763      0.000250    244.000000
   123.000000      0.101361    155.329030      0.002279      0.000212    232.000000
   123.500000      0.101361    163.329030      0.001885      0.000160    276.000000
   124.000000      0.101361    171.329030      0.001893      0.000170    248.000000
   124.500000      0.101361    179.329030      0.001963      0.000173    256.000000
   125.000000      0.101361    187.329030      0.001733      0.000140    308.000000
   115.000000      0.108916    195.329030      0.001336      0.000111    288.000000
   115.500000      0.108916    203.329030      0.001633      0.000130    316.000000
   116.000000      0.108916    211.329030      0.001127      0.000090    312.000000
   116.500000      0.108916    219.329030      0.001196      0.000093    328.000000
   117.000000      0.108916    227.329030      0.001474      0.000112    348.000000
   117.500000      0.108916    235.329030      0.001396      0.000104    360.000000
   118.000000      0.108916    243.329030      0.001148      0.000117    192.000000
   118.500000      0.108916     51.329030      0.006303      0.001236     52.000000
   119.000000      0.108916     59.329030      0.002300      0.000355     84.000000
   119.500000      0.108916     67.329030      0.001822      0.000243    112.000000
   120.000000      0.108916     75.329030      0.003334      0.000462    104.000000
   120.500000      0.108916     83.329030      0.002380      0.000293    132.000000
   121.000000      0.108916     91.329030      0.002533      0.000299    144.000000
   121.500000      0.108916     99.329030      0.003220      0.000385    140.000000
   122.000000      0.108916    107.329030      0.003510      0.000374    176.000000
   122.500000      0.108916    115.329030      0.002765      0.000302    168.000000
   123.000000      0.108916    123.329030      0.002909      0.000294    196.000000
   123.500000      0.108916    131.329030      0.003723      0.000372    200.000000
   124.000000      0.108916    139.329030      0.003183      0.000325    192.000000
   124.500000      0.108916    147.329030      0.002188      0.000198    244.000000
   125.000000      0.108916    155.329030      0.002425      0.000225    232.000000
   115.000000      0.116472    163.329030      0.002020      0.000172    276.000000
   115.500000      0.116472    171.329030      0.001763      0.000158    248.000000
   116.000000      0.116472    179.329030      0.001953      0.000173    256.000000
   116.500000      0.116472    187.329030      0.001237      0.000100    308.000000
   117.000000      0.116472    195.329030      0.001545      0.000129    288.000000
   117.500000      0.116472    203.329030      0.001607      0.000128    316.000000
   118.000000      0.116472    211.329030      0.001254      0.000100    312.000000
   118.500000      0.116472    219.329030      0.001194      0.000093    328.000000
   119.000000      0.116472    227.329030      0.001096      0.000083    348.000000
   119.500000      0.116472    235.329030      0.001304      0.000097    360.000000
   120.000000      0.116472    243.329030      0.001671      0.000171    192.000000
   120.500000      0.116472     51.329030      0.001526      0.000299     52.000000
   121.000000      0.116472     59.329030      0.001813      0.000280     84.000000
   121.500000      0.116472     67.329030      0.001953      0.000261    112.000000
   122.000000      0.116472     75.329030      0.002912      0.000404    104.000000
   122.500000      0.116472     83.329030      0.001893      0.000233    132.000000
   123.000000      0.116472     91.329030      0.002315      0.000273    144.000000
   123.500000      0.116472     99.329030      0.002169      0.000259    140.000000
   124.000000      0.116472    107.329030      0.003238      0.000345    176.000000
   124.500000      0.116472    115.329030      0.003238      0.000353    168.000000
   125.000000      0.116472    123.329030      0.003350      0.000338    196.000000
   115.000000      0.124027    131.329030      0.003436      0.000344    200.000000
   115.500000      0.124027    139.329030      0.002515      0.000257    192.000000
   116.000000      0.124027    147.329030      0.002391      0.000216    244.000000
   116.500000      0.124027    155.329030      0.002653      0.000246    232.000000
   117.000000      0.124027    163.329030      0.002154      0.000183    276.000000
   117.500000      0.124027    171.329030      0.001732      0.000156    248.000000
   118.000000      0.124027    179.329030      0.001993      0.000176    256.000000
   118.500000      0.124027    187.329030      0.001275      0.000103    308.000000
   119.000000      0.124027    195.329030      0.001578      0.000131    288.000000
   119.500000      0.124027    203.329030      0.001717      0.000137    316.000000
   120.000000      0.124027    211.329030      0.001357      0.000109    312.000000
   120.500000      0.124027    219.329030      0.001390      0.000109    328.000000
   121.000000      0.124027    227.329030      0.001313      0.000100    348.000000
   121.500000      0.124027    235.329030      0.001445      0.000108    360.000000
   122.000000      0.124027    243.329030      0.001977      0.000202    192.000000
   122.500000      0.124027     51.329030      0.003806      0.000746     52.000000
   123.000000      0.124027     59.329030      0.001938      0.000299     84.000000
   123.500000      0.124027     67.329030      0.002480      0.000331    112.000000
   124.000000      0.124027     75.329030      0.002993      0.000415    104.000000
   124.500000      0.124027     83.329030      0.002400      0.000295    132.000000
   125.000000      0.124027     91.329030      0.002365      0.000279    144.000000
   115.000000      0.131582     99.329030      0.002616      0.000313    140.000000
   115.500000      0.131582    107.329030      0.002440      0.000260    176.000000
   116.000000      0.131582    115.329030      0.002172      0.000237    168.000000
   116.500000      0.131582    123.329030      0.002617      0.000264    196.000000
   117.000000      0.131582    131.329030      0.002537      0.000254    200.000000
   117.500000      0.131582    139.329030      0.002027      0.000207    192.000000
   118.000000      0.131582    147.329030      0.001656      0.000150    244.000000
   118.500000      0.131582    155.329030      0.002385      0.000221    232.000000
   119.000000      0.131582    163.329030      0.001742      0.000148    276.000000
   119.500000      0.131582    171.329030      0.002149      0.000193    248.000000
   120.000000      0.131582    179.329030      0.002327      0.000206    256.000000
   120.500000      0.131582    187.329030      0.001384      0.000112    308.000000
   121.000000      0.131582    195.329030      0.001304      0.000109    288.000000
   121.500000      0.131582    203.329030      0.001441      0.000115    316.000000
   122.000000      0.131582    211.329030      0.001444      0.000116    312.000000
   122.500000      0.131582    219.329030      0.001601      0.000125    328.000000
   123.000000      0.131582    227.329030      0.001218      0.000092    348.000000
   123.500000      0.131582    235.329030      0.001497      0.000112    360.000000
   124.000000      0.131582    243.329030      0.001841      0.000188    192.000000
   124.500000      0.131582     51.329030      0.006290      0.001233     52.000000
   125.000000      0.131582     59.329030      0.001763      0.000272     84.000000
   115.000000      0.139137     67.329030      0.002499      0.000334    112.000000
   115.500000      0.139137     75.329030      0.001645      0.000228    104.000000
   116.000000      0.139137     83.329030      0.002852      0.000351    132.000000
   116.500000      0.139137     91.329030      0.002291      0.000270    144.000000
   117.000000      0.139137     99.329030      0.002985      0.000357    140.000000
   117.500000      0.139137    107.329030      0.002028      0.000216    176.000000
   118.000000      0.139137    115.329030      0.001647      0.000180    168.000000
   118.500000      0.139137    123.329030      0.002692      0.000272    196.000000
   119.000000      0.139137    131.329030      0.002403      0.000240    200.000000
   119.500000      0.139137    139.329030      0.002105      0.000215    192.000000
   120.000000      0.139137    147.329030      0.002419      0.000219    244.000000
   120.500000      0.139137    155.329030      0.002736      0.000254    232.000000
   121.000000      0.139137    163.329030      0.001683      0.000143    276.000000
   121.500000      0.139137    171.329030      0.001893      0.000170    248.000000
   122.000000      0.139137    179.329030      0.001579      0.000140    256.000000
   122.500000      0.139137    187.329030      0.001539      0.000124    308.000000
   123.000000      0.139137    195.329030      0.001531      0.000128    288.000000
   123.500000      0.139137    203.329030      0.001915      0.000152    316.000000
   124.000000      0.139137    211.329030      0.001284      0.000103    312.000000
   124.500000      0.139137    219.329030      0.001051      0.000082    328.000000
   125.000000      0.139137    227.329030      0.001533      0.000116    348.000000
   115.000000      0.146692    235.329030      0.001157      0.000086    360.000000
   115.500000      0.146692    243.329030      0.001814      0.000185    192.000000
   116.000000      0.146692     51.329030      0.006049      0.001186     52.000000
   116.500000      0.146692     59.329030      0.002414      0.000372     84.000000
   117.000000      0.146692     67.329030      0.002110      0.000282    112.000000
   117.500000      0.146692     75.329030      0.002293      0.000318    104.000000
   118.000000      0.146692     83.329030      0.001394      0.000172    132.000000
   118.500000      0.146692     91.329030      0.001579      0.000186    144.000000
   119.000000      0.146692     99.329030      0.002440      0.000292    140.000000
   119.500000      0.146692    107.329030      0.001990      0.000212    176.000000
   120.000000      0.146692    115.329030      0.002586      0.000282    168.000000
   120.500000      0.146692    123.329030      0.003050      0.000308    196.000000
   121.000000      0.146692    131.329030      0.002422      0.000242    200.000000
   121.500000      0.146692    139.329030      0.002542      0.000259    192.000000
   122.000000      0.146692    147.329030      0.002141      0.000194    244.000000
   122.500000      0.146692    155.329030      0.002534      0.000235    232.000000
   123.000000      0.146692    163.329030      0.001601      0.000136    276.000000
   123.500000      0.146692    171.329030      0.001836      0.000165    248.000000
   124.000000      0.146692    179.329030      0.002314      0.000205    256.000000
   124.500000      0.146692    187.329030      0.001491      0.000120    308.000000
   125.000000      0.146692    195.329030      0.001934      0.000161    288.000000
   115.000000      0.154247    203.329030      0.001417      0.000113    316.000000
   115.500000      0.154247    211.329030      0.001155      0.000092    312.000000
   116.000000      0.154247    219.329030      0.001329      0.000104    328.000000
   116.500000      0.154247    227.329030      0.001223      0.000093    348.000000
   117.000000      0.154247    235.329030      0.001447      0.000108    360.000000
   117.500000      0.154247    243.329030      0.001603      0.000164    192.000000
   118.000000      0.154247     51.329030      0.001155      0.000226     52.000000
   118.500000      0.154247     59.329030      0.001719      0.000265     84.000000
   119.000000      0.154247     67.329030      0.001677      0.000224    112.000000
   119.500000      0.154247     75.329030      0.003268      0.000453    104.000000
   120.000000      0.154247     83.329030      0.001572      0.000194    132.000000
   120.500000      0.154247     91.329030      0.002590      0.000305    144.000000
   121.000000      0.154247     99.329030      0.002732      0.000327    140.000000
   121.500000      0.154247    107.329030      0.002663      0.000284    176.000000
   122.000000      0.154247    115.329030      0.001775      0.000194    168.000000
   122.500000      0.154247    123.329030      0.002981      0.000301    196.000000
   123.000000      0.154247    131.329030      0.003949      0.000395    200.000000
   123.500000      0.154247    139.329030      0.002606      0.000266    192.000000
   124.000000      0.154247    147.329030      0.002158      0.000195    244.000000
   124.500000      0.154247    155.329030      0.001819      0.000169    232.000000
   125.000000      0.154247    163.329030      0.002013      0.000171    276.000000
   115.000000      0.161803    171.329030      0.002174      0.000195    248.000000
   115.500000      0.161803    179.329030      0.002008      0.000178    256.000000
   116.000000      0.161803    187.329030      0.001421      0.000114    308.000000
   116.500000      0.161803    195.329030      0.001335      0.000111    288.000000
   117.000000      0.161803    203.329030      0.001725      0.000137    316.000000
   117.500000      0.161803    211.329030      0.001666      0.000133    312.000000
   118.000000      0.161803    219.329030      0.001334      0.000104    328.000000
   118.500000      0.161803    227.329030      0.001346      0.000102    348.000000
   119.000000      0.161803    235.329030      0.001443      0.000108    360.000000
   119.500000      0.161803    243.329030      0.001773      0.000181    192.000000
   120.000000      0.161803     51.329030      0.003293      0.000646     52.000000
   120.500000      0.161803     59.329030      0.001455      0.000225     84.000000
   121.000000      0.161803     67.329030      0.001839      0.000246    112.000000
   121.500000      0.161803     75.329030      0.002394      0.000332    104.000000
   122.000000      0.161803     83.329030      0.002758      0.000340    132.000000
   122.500000      0.161803     91.329030      0.002115      0.000249    144.000000
   123.000000      0.161803     99.329030      0.002420      0.000289    140.000000
   123.500000      0.161803    107.329030      0.002038      0.000217    176.000000
   124.000000      0.161803    115.329030      0.003919      0.000428    168.000000
   124.500000      0.161803    123.329030      0.002798      0.000283    196.000000
   125.000000      0.161803    131.329030      0.002252      0.000225    200.000000
   115.000000      0.169358    139.329030      0.002625      0.000268    192.000000
   115.500000      0.169358    147.329030      0.002421      0.000219    244.000000
   116.000000      0.169358    155.329030      0.002444      0.000227    232.000000
   116.500000      0.169358    163.329030      0.001700      0.000145    276.000000
   117.000000      0.169358    171.329030      0.001998      0.000179    248.000000
   117.500000      0.169358    179.329030      0.001919      0.000170    256.000000
   118.000000      0.169358    187.329030      0.001275      0.000103    308.000000
   118.500000      0.169358    195.329030      0.001186      0.000099    288.000000
   119.000000      0.169358    203.329030      0.001569      0.000125    316.000000
   119.500000      0.169358    211.329030      0.001554      0.000124    312.000000
   120.000000      0.169358    219.329030      0.001353      0.000106    328.000000
   120.500000      0.169358    227.329030      0.001462      0.000111    348.000000
   121.000000      0.169358    235.329030      0.001266      0.000094    360.000000
   121.500000      0.169358    243.329030      0.001649      0.000168    192.000000
   122.000000      0.169358     51.329030      0.002206      0.000433     52.000000
   122.500000      0.169358     59.329030      0.001261      0.000195     84.000000
   123.000000      0.169358     67.329030      0.001880      0.000251    112.000000
   123.500000      0.169358     75.329030      0.003033      0.000421    104.000000
   124.000000      0.169358     83.329030      0.002251      0.000277    132.000000
   124.500000      0.169358     91.329030      0.001933      0.000228    144.000000
   125.000000      0.169358     99.329030      0.002505      0.000299    140.000000
   115.000000      0.176913    107.329030      0.002823      0.000301    176.000000
   115.500000      0.176913    115.329030      0.001920      0.000209    168.000000
   116.000000      0.176913    123.329030      0.002515      0.000254    196.000000
   116.500000      0.176913    131.329030      0.002545      0.000254    200.000000
   117.000000      0.176913    139.329030      0.002774      0.000283    192.000000
   117.500000      0.176913    147.329030      0.002223      0.000201    244.000000
   118.000000      0.176913    155.329030      0.003341      0.000310    232.000000
   118.500000      0.176913    163.329030      0.001738      0.000148    276.000000
   119.000000      0.176913    171.329030      0.001731      0.000155    248.000000
   119.500000      0.176913    179.329030      0.002095      0.000185    256.000000
   120.000000      0.176913    187.329030      0.001669      0.000134    308.000000
   120.500000      0.176913    195.329030      0.001435      0.000120    288.000000
   121.000000      0.176913    203.329030      0.001543      0.000123    316.000000
   121.500000      0.176913    211.329030      0.001461      0.000117    312.000000
   122.000000      0.176913    219.329030      0.001541      0.000120    328.000000
   122.500000      0.176913    227.329030      0.001449      0.000110    348.000000
   123.000000      0.176913    235.329030      0.001220      0.000091    360.000000
   123.500000      0.176913    243.329030      0.001518      0.000155    192.000000
   124.000000      0.176913     51.329030      0.004860      0.000953     52.000000
   124.500000      0.176913     59.329030      0.001879      0.000290     84.000000
   125.000000      0.176913     67.329030      0.001582      0.000211    112.000000
   115.000000      0.184468     75.329030      0.002682      0.000372    104.000000
   115.500000      0.184468     83.329030      0.003268      0.000402    132.000000
   116.000000      0.184468     91.329030      0.001900      0.000224    144.000000
   116.500000      0.184468     99.329030      0.002272      0.000272    140.000000
   117.000000      0.184468    107.329030      0.001826      0.000195    176.000000
   117.500000      0.184468    115.329030      0.003136      0.000342    168.000000
   118.000000      0.184468    123.329030      0.004251      0.000429    196.000000
   118.500000      0.184468    131.329030      0.002745      0.000275    200.000000
   119.000000      0.184468    139.329030      0.002250      0.000230    192.000000
   119.500000      0.184468    147.329030      0.002836      0.000257    244.000000
   120.000000      0.184468    155.329030      0.002005      0.000186    232.000000
   120.500000      0.184468    163.329030      0.001674      0.000142    276.000000
   121.000000      0.184468    171.329030      0.002175      0.000195    248.000000
   121.500000      0.184468    179.329030      0.001491      0.000132    256.000000
   122.000000      0.184468    187.329030      0.001416      0.000114    308.000000
   122.500000      0.184468    195.329030      0.001932      0.000161    288.000000
   123.000000      0.184468    203.329030      0.001681      0.000134    316.000000
   123.500000      0.184468    211.329030      0.001509      0.000121    312.000000
   124.000000      0.184468    219.329030      0.001215      0.000095    328.000000
   124.500000      0.184468    227.329030      0.001280      0.000097    348.000000
   125.000000      0.184468    235.329030      0.001205      0.000090    360.000000
   115.000000      0.192023    243.329030      0.001715      0.000175    192.000000
   115.500000      0.192023     51.329030      0.002634      0.000517     52.000000
   116.000000      0.192023     59.329030      0.001729      0.000267     84.000000
   116.500000      0.192023     67.329030      0.001999      0.000267    112.000000
   117.000000      0.192023     75.329030      0.001678      0.000233    104.000000
   117.500000      0.192023     83.329030      0.001519      0.000187    132.000000
   118.000000      0.192023     91.329030      0.001601      0.000189    144.000000
   118.500000      0.192023     99.329030      0.002190      0.000262    140.000000
   119.000000      0.192023    107.329030      0.001979      0.000211    176.000000
   119.500000      0.192023    115.329030      0.002050      0.000224    168.000000
   120.000000      0.192023    123.329030      0.003055      0.000309    196.000000
   120.500000      0.192023    131.329030      0.001679      0.000168    200.000000
   121.000000      0.192023    139.329030      0.002183      0.000223    192.000000
   121.500000      0.192023    147.329030      0.001654      0.000150    244.000000
   122.000000      0.192023    155.329030      0.002573      0.000239    232.000000
   122.500000      0.192023    163.329030      0.001725      0.000147    276.000000
   123.000000      0.192023    171.329030      0.002296      0.000206    248.000000
   123.500000      0.192023    179.329030      0.002542      0.000225    256.000000
   124.000000      0.192023    187.329030      0.001886      0.000152    308.000000
   124.500000      0.192023    195.329030      0.001629      0.000136    288.000000
   125.000000      0.192023    203.329030      0.001701      0.000135    316.000000
   115.000000      0.199579    211.329030      0.001178      0.000094    312.000000
   115.500000      0.199579    219.329030      0.001241      0.000097    328.000000
   116.000000      0.199579    227.329030      0.001291      0.000098    348.000000
   116.500000      0.199579    235.329030      0.001344      0.000100    360.000000
   117.000000      0.199579    243.329030      0.001675      0.000171    192.000000
   117.500000      0.199579     51.329030      0.001933      0.000379     52.000000
   118.000000      0.199579     59.329030      0.001802      0.000278     84.000000
   118.500000      0.199579     67.329030      0.001933      0.000258    112.000000
   119.000000      0.199579     75.329030      0.002644      0.000367    104.000000
   119.500000      0.199579     83.329030      0.002146      0.000264    132.000000
   120.000000      0.199579     91.329030      0.001322      0.000156    144.000000
   120.500000      0.199579     99.329030      0.002274      0.000272    140.000000
   121.000000      0.199579    107.329030      0.002192      0.000234    176.000000
   121.500000      0.199579    115.329030      0.002285      0.000249    168.000000
   122.000000      0.199579    123.329030      0.002974      0.000300    196.000000
   122.500000      0.199579    131.329030      0.002815      0.000282    200.000000
   123.000000      0.199579    139.329030      0.002000      0.000204    192.000000
   123.500000      0.199579    147.329030      0.001816      0.000164    244.000000
   124.000000      0.199579    155.329030      0.002659      0.000247    232.000000
   124.500000      0.199579    163.329030      0.002030      0.000173    276.000000
   125.000000      0.199579    171.329030      0.002167      0.000195    248.000000
   115.000000      0.207134    179.329030      0.001914      0.000169    256.000000
   115.500000      0.207134    187.329030      0.001434      0.000116    308.000000
   116.000000      0.207134    195.329030      0.001817      0.000151    288.000000
   116.500000      0.207134    203.329030      0.001558      0.000124    316.000000
   117.000000      0.207134    211.329030      0.001495      0.000120    312.000000
   117.500000      0.207134    219.329030      0.001686      0.000132    328.000000
   118.000000      0.207134    227.329030      0.001601      0.000121    348.000000
   118.500000      0.207134    235.329030      0.001321      0.000098    360.000000
   119.000000      0.207134    243.329030      0.001852      0.000189    192.000000
   119.500000      0.207134     51.329030      0.002101      0.000412     52.000000
   120.000000      0.207134     59.329030      0.001670      0.000258     84.000000
   120.500000      0.207134     67.329030      0.001806      0.000241    112.000000
   121.000000      0.207134     75.329030      0.002048      0.000284    104.000000
   121.500000      0.207134     83.329030      0.002447      0.000301    132.000000
   122.000000      0.207134     91.329030      0.001807      0.000213    144.000000
   122.500000      0.207134     99.329030      0.002029      0.000243    140.000000
   123.000000      0.207134    107.329030      0.001826      0.000195    176.000000
   123.500000      0.207134    115.329030      0.001900      0.000207    168.000000
   124.000000      0.207134    123.329030      0.002899      0.000293    196.000000
   124.500000      0.207134    131.329030      0.002187      0.000219    200.000000
   125.000000      0.207134    139.329030      0.002466      0.000252    192.000000
   115.000000      0.214689    147.329030      0.002811      0.000255    244.000000
   115.500000      0.214689    155.329030      0.002446      0.000227    232.000000
   116.000000      0.214689    163.329030      0.001680      0.000143    276.000000
   116.500000      0.214689    171.329030      0.001601      0.000144    248.000000
   117.000000      0.214689    179.329030      0.002253      0.000199    256.000000
   117.500000      0.214689    187.329030      0.001659      0.000134    308.000000
   118.000000      0.214689    195.329030      0.001444      0.000120    288.000000
   118.500000      0.214689    203.329030      0.001558      0.000124    316.000000
   119.000000      0.214689    211.329030      0.001205      0.000096    312.000000
   119.500000      0.214689    219.329030      0.001508      0.000118    328.000000
   120.000000      0.214689    227.329030      0.001323      0.000100    348.000000
   120.500000      0.214689    235.329030      0.001410      0.000105    360.000000
   121.000000      0.214689    243.329030      0.001185      0.000121    192.000000
   121.500000      0.214689     51.329030      0.001510      0.000296     52.000000
   122.000000      0.214689     59.329030      0.001577      0.000243     84.000000
   122.500000      0.214689     67.329030      0.001875      0.000251    112.000000
   123.000000      0.214689     75.329030      0.001713      0.000238    104.000000
   123.500000      0.214689     83.329030      0.001963      0.000242    132.000000
   124.000000      0.214689     91.329030      0.001612      0.000190    144.000000
   124.500000      0.214689     99.329030      0.002493      0.000298    140.000000
   125.000000      0.214689    107.329030      0.001793      0.000191    176.000000
   115.000000      0.222244    115.329030      0.001739      0.000190    168.000000
   115.500000      0.222244    123.329030      0.003042      0.000307    196.000000
   116.000000      0.222244    131.329030      0.003362      0.000336    200.000000
   116.500000      0.222244    139.329030      0.002491      0.000254    192.000000
   117.000000      0.222244    147.329030      0.001739      0.000157    244.000000
   117.500000      0.222244    155.329030      0.001894      0.000176    232.000000
   118.000000      0.222244    163.329030      0.002093      0.000178    276.000000
   118.500000      0.222244    171.329030      0.001856      0.000167    248.000000
   119.000000      0.222244    179.329030      0.001964      0.000174    256.000000
   119.500000      0.222244    187.329030      0.001279      0.000103    308.000000
   120.000000      0.222244    195.329030      0.001885      0.000157    288.000000
   120.500000      0.222244    203.329030      0.001815      0.000144    316.000000
   121.000000      0.222244    211.329030      0.001395      0.000112    312.000000
   121.500000      0.222244    219.329030      0.001360      0.000106    328.000000
   122.000000      0.222244    227.329030      0.001134      0.000086    348.000000
   122.500000      0.222244    235.329030      0.001434      0.000107    360.000000
   123.000000      0.222244    243.329030      0.001810      0.000185    192.000000
   123.500000      0.222244     51.329030      0.001780      0.000349     52.000000
   124.000000      0.222244     59.329030      0.001455      0.000224     84.000000
   124.500000      0.222244     67.329030      0.001580      0.000211    112.000000
   125.000000      0.222244     75.329030      0.001463      0.000203    104.000000
   115.000000      0.229799     83.329030      0.002373      0.000292    132.000000
   115.500000      0.229799     91.329030      0.002055      0.000242    144.000000
   116.000000      0.229799     99.329030      0.002329      0.000278    140.000000
   116.500000      0.229799    107.329030      0.001944      0.000207    176.000000
   117.000000      0.229799    115.329030      0.001479      0.000161    168.000000
   117.500000      0.229799    123.329030      0.002598      0.000262    196.000000
   118.000000      0.229799    131.329030      0.001925      0.000192    200.000000
   118.500000      0.229799    139.329030      0.002127      0.000217    192.000000
   119.000000      0.229799    147.329030      0.002619      0.000237    244.000000
   119.500000      0.229799    155.329030      0.002039      0.000189    232.000000
   120.000000      0.229799    163.329030      0.001882      0.000160    276.000000
   120.500000      0.229799    171.329030      0.002111      0.000190    248.000000
   121.000000      0.229799    179.329030      0.001592      0.000141    256.000000
   121.500000      0.229799    187.329030      0.001598      0.000129    308.000000
   122.000000      0.229799    195.329030      0.001430      0.000119    288.000000
   122.500000      0.229799    203.329030      0.001799      0.000143    316.000000
   123.000000      0.229799    211.329030      0.001323      0.000106    312.000000
   123.500000      0.229799    219.329030      0.001435      0.000112    328.000000
   124.000000      0.229799    227.329030      0.001329      0.000101    348.000000
   124.500000      0.229799    235.329030      0.001662      0.000124    360.000000
   125.000000      0.229799    243.329030      0.002112      0.000216    192.000000
