k ps_3d err_sample_variance err_thermal_noise
0.07597061462993654 -6.9247633680418477454 0.008181546674918685 6.9251127494248629897
0.0948241797491695 -11.470287838569838683 0.02154765841596103 11.484539724040645842
0.1183566186597577 -20.235126188462005007 0.04942160605473448 20.260425692379080347
0.14772908363274287 -33.807450555088702067 0.05710805239498324 35.38398881219698711
0.18439088914585774 -36.7202721934180574 0.19808621760726056 51.474975991089478047
0.23015102486200073 -23.617654933836964664 0.6943386752201601 70.181873681498509104
0.28726741592492194 6.8822139794462353704 0.6542372941529513 81.749202454670122475
0.3585583349092749 38.253894308949695127 1.3799152794911989 96.14495748303765914
0.44754146278292933 20.951647078738827978 0.7071931984390333 112.09182363910142671
