k ps_3d err_sample_variance err_thermal_noise
0.07597061462993654 0.00011733508487602645473 0.0036179380409490755 0.0
0.0948241797491695 0.01703646866543152018 0.02243344578859468 0.0
0.1183566186597577 0.0068718803497498649866 0.0202976840693313 0.0
0.14772908363274287 1.8427927951710720657 0.05360287609725576 0.0
0.18439088914585774 11.606965363958069296 0.25426148218563793 0.0
0.23015102486200073 26.374459436921963647 0.6716775643619122 0.0
0.28726741592492194 30.998471827596111325 0.5237237679648021 0.0
0.3585583349092749 58.53451506166983928 1.0834718914046886 0.0
0.44754146278292933 54.123354879805552882 0.9443933949744582 0.0
