k ps_3d err_sample_variance err_thermal_noise
0.07597061462993654 16276973.174400361957 352521.0539721049 0.0
0.0948241797491695 14951471.266236179385 2476941.9306307463 0.0
0.1183566186597577 6912702.4516591422002 313955.4438634238 0.0
0.14772908363274287 5301189.6462643659115 57680.00457714682 0.0
0.18439088914585774 2345515.4652874209637 1035005.8093717913 0.0
0.23015102486200073 971302.99431521558705 842724.9429921001 0.0
0.28726741592492194 505300.30368821343853 111939.34467178167 0.0
0.3585583349092749 574230.4326918828876 898067.1969819725 0.0
0.44754146278292933 483383.6705393008606 398302.55391706194 0.0
