k ps_3d err_sample_variance err_thermal_noise
0.07597061462993654 0.00011334781575539548473 0.005510784468198697 0.0
0.0948241797491695 0.00636561298715455791 0.016650002237862706 0.0
0.1183566186597577 0.006127035937653486135 0.027060264391241252 0.0
0.14772908363274287 0.73707583562088468216 0.04432678456669992 0.0
0.18439088914585774 6.4592864125252093194 0.17343212328888705 0.0
0.23015102486200073 12.761139514316884583 0.7121395470407084 0.0
0.28726741592492194 26.37586237459515836 0.5961235759082621 0.0
0.3585583349092749 49.711270448623369064 1.3655670342468835 0.0
0.44754146278292933 29.09529714702912918 0.7205009409202182 0.0
