k ps_3d err_sample_variance err_thermal_noise
0.07597061462993654 16904671.217558765607 382346.32679346006 0.0
0.0948241797491695 15834778.330231668049 2668770.0456224848 0.0
0.1183566186597577 7167919.499396453906 306622.42246584204 0.0
0.14772908363274287 5428538.5297669087636 65212.453820436865 0.0
0.18439088914585774 2274537.6715667131575 1112941.8225758974 0.0
0.23015102486200073 838915.1872158527241 907147.7378023451 0.0
0.28726741592492194 354149.78839073333125 111545.74623626123 0.0
0.3585583349092749 461055.45317180656897 967132.0953498704 0.0
0.44754146278292933 382039.80940815967014 425905.57319259807 0.0
