k_par k_perp ps_2d err_sample_variance err_thermal_noise
0.06985973156544303 0.051028 0.19610505134455503 0.08925875232550637 2.3927864855351415
0.06985973156544303 0.058283999999999996 0.3212654524673284 0.06530122468858315 2.2506787606028165
0.06985973156544303 0.06554 -0.09315293047921314 0.058839363960054895 2.482867843572698
0.06985973156544303 0.072796 -0.1217898804530062 0.05972008356087967 2.701326499848316
0.06985973156544303 0.080052 -0.5568622861988841 0.05430695836912576 2.4989598272927105
0.06985973156544303 0.087308 -0.35739178668513016 0.053688662649399366 2.4384591721029563
0.06985973156544303 0.09456400000000001 -0.2222506628233636 0.052248502262855996 2.0915102169448905
0.06985973156544303 0.10182 0.01931828761654364 0.05253932014400895 2.0687654868298626
0.06985973156544303 0.109076 0.1605245004371776 0.03971852737565271 1.7412792866287583
0.06985973156544303 0.11633199999999999 0.15032498446493658 0.03777606921134001 1.695183122174866
0.06985973156544303 0.123588 -0.20282443373818304 0.028383796595197047 1.7796918517279048
0.06985973156544303 0.13084400000000002 -0.06860724811927876 0.028094072157703834 1.6413757314815396
0.06985973156544303 0.1381 0.04792253865385776 0.02501204736939061 1.4910765782159825
0.06985973156544303 0.145356 0.10507077291270983 0.0236835638728074 1.3398364836974268
0.06985973156544303 0.152612 0.07180747329594439 0.017951259713825437 1.2108767301466095
0.06985973156544303 0.159868 0.02267726472647369 0.018713368981693852 1.148769417899434
0.06985973156544303 0.167124 0.13505177482574215 0.02196455329296182 0.9959104523566503
0.06985973156544303 0.17438 0.07120048573119475 0.013709708048524658 1.0089901909937258
0.06985973156544303 0.18163600000000002 -0.15806567366951352 0.014169284894779158 1.0328381211031228
0.06985973156544303 0.188892 -0.0488401377463662 0.013255446018147005 0.8816690908997165
0.06985973156544303 0.196148 0.042772540532110326 0.010542655969781234 0.685544807431221
0.06985973156544303 0.203404 0.02165890063847198 0.010126961622830532 0.6622939491256622
0.06985973156544303 0.21066000000000001 -0.0147294158686897 0.00865527730731351 0.5928899621366115
0.06985973156544303 0.217916 0.03625272063005813 0.0069496933040665435 0.5213516074242756
0.06985973156544303 0.225172 0.03621728382098943 0.006982788919315335 0.46406647313589766
0.11322094426123525 0.051028 0.07053082368924812 0.07781870867385697 2.838395721891797
0.11322094426123525 0.058283999999999996 0.17928335831013786 0.05998954578374176 2.5874238383363592
0.11322094426123525 0.06554 0.4183688048648513 0.05193914161712484 2.0429700878347554
0.11322094426123525 0.072796 -0.07192577841673442 0.04640463697023734 2.3262349161885534
0.11322094426123525 0.080052 0.003044602824374909 0.06313291892556987 2.132781331986189
0.11322094426123525 0.087308 0.3436554149140729 0.05076519105669876 2.0515364145915678
0.11322094426123525 0.09456400000000001 -0.09879779863223748 0.04359013290395297 1.9987358767654038
0.11322094426123525 0.10182 -0.3579600728149266 0.03987278978358692 1.9859730034432788
0.11322094426123525 0.109076 0.17197491386875075 0.03526854830608917 1.7985754495005837
0.11322094426123525 0.11633199999999999 -0.253488001884155 0.029161585805225917 2.0136056079726483
0.11322094426123525 0.123588 -0.18337357357054862 0.02919230207587598 1.8909444545449812
0.11322094426123525 0.13084400000000002 0.09471861495616363 0.03325580399309732 1.5335028801709214
0.11322094426123525 0.1381 0.07758246932301582 0.0324139841989867 1.4988900525921474
0.11322094426123525 0.145356 -0.06021628649908428 0.023135843634218067 1.3953472043120085
0.11322094426123525 0.152612 0.016083838461526723 0.02086430839132312 1.2374433206170674
0.11322094426123525 0.159868 -0.06398872034920355 0.02391469499860722 1.2716506872067774
0.11322094426123525 0.167124 0.05681894356844008 0.019998558481211032 1.033326077646303
0.11322094426123525 0.17438 0.16518564285686854 0.019063371567986598 0.9497884254310114
0.11322094426123525 0.18163600000000002 -0.12279816672593236 0.01494308300382669 1.021844700038827
0.11322094426123525 0.188892 -0.01297087516394202 0.0137325687165016 0.8338196173512928
0.11322094426123525 0.196148 -0.05812233281212942 0.010965731782130606 0.7699997919547144
0.11322094426123525 0.203404 -0.02916578275051529 0.013238988049752293 0.6960147298941336
0.11322094426123525 0.21066000000000001 0.07591321104391935 0.01001180285084551 0.5536796737000608
0.11322094426123525 0.217916 -0.09356214938729224 0.006634610481752556 0.5456845577010968
0.11322094426123525 0.225172 -0.041419720623599054 0.007521069025480432 0.5082985993596263
0.15658215695702749 0.051028 -0.06326839126842598 0.09139251144978353 2.4825224116150486
0.15658215695702749 0.058283999999999996 -0.35707918346319767 0.05898742995054943 2.6523126377221407
0.15658215695702749 0.06554 0.2506273476034906 0.0630021858285426 2.206979071988431
0.15658215695702749 0.072796 -0.33788512562294315 0.038497596417261117 2.434678997862719
0.15658215695702749 0.080052 -0.06182999762706487 0.04716858400507823 2.519577853623778
0.15658215695702749 0.087308 0.2669332061213119 0.042517435211888485 1.9282041736322442
0.15658215695702749 0.09456400000000001 0.3603486777578391 0.04760385860190921 1.9455225528283437
0.15658215695702749 0.10182 0.04475210296247201 0.033990335496791195 1.987770163263728
0.15658215695702749 0.109076 -0.036866479452741796 0.039839412261517604 2.0069397311656156
0.15658215695702749 0.11633199999999999 0.26313965348658197 0.034020210933989485 1.795175707512903
0.15658215695702749 0.123588 0.02382780749210589 0.0354838965822265 1.8401007805249945
0.15658215695702749 0.13084400000000002 0.10473252947802747 0.027189332141265905 1.6346809133481714
0.15658215695702749 0.1381 -0.13399873531083206 0.023020708875733324 1.6229401594386077
0.15658215695702749 0.145356 -0.02007084882767396 0.015682207686180824 1.2629588495198751
0.15658215695702749 0.152612 0.07900352630020824 0.022514461196787683 1.3147842341057727
0.15658215695702749 0.159868 0.07222551324408877 0.023250480745972007 1.0799606067788166
0.15658215695702749 0.167124 -0.11080146533565527 0.019546796888249826 1.2319116438919646
0.15658215695702749 0.17438 -0.10636325624210152 0.016124505320209807 1.0096617147441938
0.15658215695702749 0.18163600000000002 -0.04625005526468162 0.015577374828804485 0.9833753842990308
0.15658215695702749 0.188892 0.008463759005096327 0.012641783400042081 0.7874991903629119
0.15658215695702749 0.196148 -0.007439572427743402 0.009924066459766333 0.7723285392154571
0.15658215695702749 0.203404 0.06980051715861557 0.011038812672564855 0.6412659954444856
0.15658215695702749 0.21066000000000001 0.09785591488756307 0.007647446633405337 0.54750452541867
0.15658215695702749 0.217916 0.007977847241478098 0.0073544627290277565 0.5404126713819447
0.15658215695702749 0.225172 -0.06345600533791901 0.0066274209759405 0.500703006471839
0.1999433696528197 0.051028 -0.17425842709398198 0.06515852033440629 2.5357446998945976
0.1999433696528197 0.058283999999999996 0.6607634100999515 0.05885201594073175 2.484529714925553
0.1999433696528197 0.06554 0.49580534067733795 0.0597795702992622 1.9254215398155476
0.1999433696528197 0.072796 -0.037562463122109424 0.062185712539315686 2.7068255450028706
0.1999433696528197 0.080052 -0.33739549534395374 0.04145201325629175 2.351302563007921
0.1999433696528197 0.087308 -0.19804460315881722 0.04981433747634685 2.1761565010181503
0.1999433696528197 0.09456400000000001 0.3094855255560467 0.03972665928385429 1.8165732460542463
0.1999433696528197 0.10182 -0.17740461488655357 0.04610257507844549 2.004709551924154
0.1999433696528197 0.109076 0.2383170142515061 0.03941282362316258 1.6012018781106967
0.1999433696528197 0.11633199999999999 -0.05027374206110835 0.03541826221883585 1.8029751181796503
0.1999433696528197 0.123588 0.03592970997585798 0.029536899534556963 1.604380459001448
0.1999433696528197 0.13084400000000002 -0.12071338949364518 0.029075744658854933 1.6191604691006805
0.1999433696528197 0.1381 0.08033059887762084 0.02293927083051415 1.3902173788520975
0.1999433696528197 0.145356 0.1305209187768459 0.022756948870343546 1.1983544387002574
0.1999433696528197 0.152612 0.005171777384371801 0.022924804914711286 1.2907877452385597
0.1999433696528197 0.159868 -0.1785449811539268 0.015124159385514199 1.2754182308818327
0.1999433696528197 0.167124 -0.06211970898076635 0.01622526688979182 1.1250827715444005
0.1999433696528197 0.17438 -0.1475368968638916 0.016422286881598424 1.070398557932841
0.1999433696528197 0.18163600000000002 0.14915759803373552 0.013907612555323157 0.8333892174020338
0.1999433696528197 0.188892 0.10472853832901885 0.015234970094458903 0.7929499831465634
0.1999433696528197 0.196148 0.04623543187597323 0.012194156502771834 0.7264580180962309
0.1999433696528197 0.203404 -0.07199317217938939 0.008260411379630616 0.6932680849986098
0.1999433696528197 0.21066000000000001 -0.09020933027503597 0.007121570885770377 0.6316497972703934
0.1999433696528197 0.217916 -0.03589421751493782 0.008451501832493545 0.5587499031907396
0.1999433696528197 0.225172 0.00861141448351771 0.00640059046927212 0.46609948907161364
0.24330458234861194 0.051028 -0.17498622230548255 0.07539420385196977 2.991403855910329
0.24330458234861194 0.058283999999999996 -0.42332913594575716 0.054572050085240374 2.6759945368741516
0.24330458234861194 0.06554 0.8087902008505217 0.07305068496978495 2.000721433427711
0.24330458234861194 0.072796 -0.6004667592362738 0.06661009938770593 2.747094229101112
0.24330458234861194 0.080052 0.3603129915799945 0.05568031181918482 2.170267430143431
0.24330458234861194 0.087308 -0.16562843133318372 0.04235074186735014 2.176340352410256
0.24330458234861194 0.09456400000000001 -0.4151217936096272 0.03515656254861151 2.167822809302917
0.24330458234861194 0.10182 -0.04549170489185084 0.036890463537589874 1.960873583533814
0.24330458234861194 0.109076 0.06199333091363224 0.045354714755665965 1.7324800064239965
0.24330458234861194 0.11633199999999999 0.056207640122415414 0.031673324852418715 1.8269968938160066
0.24330458234861194 0.123588 0.24456788701291932 0.03385581568523683 1.5293303889767593
0.24330458234861194 0.13084400000000002 0.0846302876513707 0.03673826840713299 1.4297959217326015
0.24330458234861194 0.1381 -0.11447266348225726 0.017833440574995158 1.5120902422473033
0.24330458234861194 0.145356 -0.10430277970946444 0.019451549862835385 1.4149574517554782
0.24330458234861194 0.152612 -0.11421440838348018 0.02263644666168435 1.3352688237225123
0.24330458234861194 0.159868 -0.05925174959619439 0.018235713508170454 1.1714409202392282
0.24330458234861194 0.167124 -0.057594936049130796 0.016253733615522487 1.186486912109605
0.24330458234861194 0.17438 0.06213741829217512 0.019329314847974552 0.9685291912987813
0.24330458234861194 0.18163600000000002 0.08185734444190396 0.014937755665139217 0.790027192587821
0.24330458234861194 0.188892 -0.05172412160512374 0.013430204077986481 0.8774566870193532
0.24330458234861194 0.196148 -0.018332594709149275 0.01077967807512525 0.7760956985088695
0.24330458234861194 0.203404 -0.0711675954062998 0.008857246517027278 0.6866639208337161
0.24330458234861194 0.21066000000000001 0.057942286583442804 0.011728430488499501 0.5775910813356996
0.24330458234861194 0.217916 0.0745672378125889 0.009512993717549711 0.48966653214719835
0.24330458234861194 0.225172 -0.06030774212988904 0.006254881509100637 0.507390880555558
0.28666579504440415 0.051028 -0.2783968743904932 0.053376487982228375 2.314704941005115
0.28666579504440415 0.058283999999999996 0.16050417928437843 0.07553140165708676 2.4037308754552877
0.28666579504440415 0.06554 -0.21359090510320478 0.07142174759757983 2.5598157223886
0.28666579504440415 0.072796 -0.3377742745785737 0.05726087291665042 2.4282333026594465
0.28666579504440415 0.080052 -0.036492388799088005 0.0574191072256151 2.43246406002203
0.28666579504440415 0.087308 0.005493967950260803 0.05006648672627837 2.3948509489193057
0.28666579504440415 0.09456400000000001 0.46308311973419714 0.05572341638573878 1.8464336750879686
0.28666579504440415 0.10182 0.2872442053889648 0.04712880625188977 2.1684929101740837
0.28666579504440415 0.109076 0.40034751209896036 0.03798024805517486 1.841811758745764
0.28666579504440415 0.11633199999999999 0.16175549796510813 0.04515032683195762 1.8618027006903302
0.28666579504440415 0.123588 0.04834315650320309 0.034053543725548766 1.5952872356152041
0.28666579504440415 0.13084400000000002 0.04315518218443737 0.023542354131739735 1.6767069966462191
0.28666579504440415 0.1381 -0.11847133750695948 0.026153044522863187 1.4292025203691223
0.28666579504440415 0.145356 0.13860926716563648 0.024905588831393065 1.3032061850758607
0.28666579504440415 0.152612 -0.02023210443899437 0.01839903015631579 1.225017075641326
0.28666579504440415 0.159868 -0.24160150119145363 0.015514780212925645 1.4594326164788392
0.28666579504440415 0.167124 0.10047747085426928 0.019998871516224908 1.0494495170674656
0.28666579504440415 0.17438 0.01035716425441957 0.014139757953966188 0.9724128578053182
0.28666579504440415 0.18163600000000002 0.08983091133839194 0.015342375245711646 0.8222986424747013
0.28666579504440415 0.188892 -0.04454504355499356 0.01090245777052304 0.8686564142559224
0.28666579504440415 0.196148 0.034397508112495534 0.012590808882432592 0.6786898413038089
0.28666579504440415 0.203404 0.033107119530823126 0.012540388125575877 0.6714120911279345
0.28666579504440415 0.21066000000000001 -0.002309496716132897 0.008802733040022343 0.6576028432277843
0.28666579504440415 0.217916 0.01218637380928167 0.00924832291355073 0.5142571719126215
0.28666579504440415 0.225172 -0.0417284994963088 0.0075090032987818875 0.48336588208118464
0.33002700774019633 0.051028 0.8181633287060417 0.08048239728065577 2.286277378921544
0.33002700774019633 0.058283999999999996 -0.2783373325470495 0.05984131856221079 2.6491447170053353
0.33002700774019633 0.06554 -0.10068955898041931 0.05298782664128371 2.3165472507800744
0.33002700774019633 0.072796 0.09520796761281947 0.06390006057321174 2.3246149143715407
0.33002700774019633 0.080052 0.41882048948202266 0.06134200751231339 2.084400480017066
0.33002700774019633 0.087308 0.01715054975582797 0.04835939361201494 2.2263913294413378
0.33002700774019633 0.09456400000000001 0.16525962107329484 0.04465942877480764 2.0815160638967556
0.33002700774019633 0.10182 0.3368002719814993 0.039425115427217786 1.6748194496742346
0.33002700774019633 0.109076 0.04128198151766971 0.04259703660267948 1.7135340236951355
0.33002700774019633 0.11633199999999999 -0.5819952701600011 0.04121022855587811 2.066253930162121
0.33002700774019633 0.123588 -0.09297004786397634 0.03128041446361569 1.664419733678236
0.33002700774019633 0.13084400000000002 -0.13193304909728676 0.025538665792696955 1.5894010455813259
0.33002700774019633 0.1381 0.05158132879618127 0.022241669039283637 1.5102641064218356
0.33002700774019633 0.145356 0.059276737634989196 0.027464851339113097 1.355994364364999
0.33002700774019633 0.152612 0.09065523125594299 0.023509507837484546 1.306395490841839
0.33002700774019633 0.159868 0.23060230635376677 0.018716272397036233 1.060392568054228
0.33002700774019633 0.167124 -0.03505664402724373 0.015355429688583184 1.090256475965926
0.33002700774019633 0.17438 0.10335689151043348 0.01728111813663183 0.9060455826130362
0.33002700774019633 0.18163600000000002 0.11074560983912451 0.016474031300841893 0.8596895857427556
0.33002700774019633 0.188892 -0.03792229177674422 0.009906449799875509 0.833814830665856
0.33002700774019633 0.196148 -0.04381794451837262 0.01059029981871593 0.7367572915085371
0.33002700774019633 0.203404 0.0014925993565272355 0.010454052491158227 0.7055612482991037
0.33002700774019633 0.21066000000000001 -0.013588594585898006 0.008798393055889591 0.5472116681939703
0.33002700774019633 0.217916 0.01884450810262217 0.007986311920540322 0.5060948145136943
0.33002700774019633 0.225172 -0.0015828309405145347 0.005138011290185658 0.47010313860563935
0.3733882204359886 0.051028 0.08677911857682252 0.05960755369181943 2.3380333259089014
0.3733882204359886 0.058283999999999996 -0.6517456930596381 0.07443634847781949 2.7862010291798716
0.3733882204359886 0.06554 0.718654703316608 0.07799045792109136 2.084941201094214
0.3733882204359886 0.072796 0.3070948867996992 0.05408286761017333 2.0818336170472604
0.3733882204359886 0.080052 0.2562207332323305 0.06328620685025373 1.867118509092834
0.3733882204359886 0.087308 -0.2510742334398759 0.0469109632925465 2.375682713734959
0.3733882204359886 0.09456400000000001 0.06420486221831068 0.04043362038872027 1.7466522419749773
0.3733882204359886 0.10182 -0.07164659892077907 0.04383462215140736 1.896665936219506
0.3733882204359886 0.109076 -0.3650664260970766 0.03776982280887059 1.965888659862874
0.3733882204359886 0.11633199999999999 0.11234322537832964 0.030754738810248528 1.6891595184287225
0.3733882204359886 0.123588 0.10373729226049244 0.025922256807158154 1.68639088694572
0.3733882204359886 0.13084400000000002 -0.03504152497153368 0.02969483341145236 1.597846272473489
0.3733882204359886 0.1381 0.00459092155394436 0.02881882521830997 1.390088130510636
0.3733882204359886 0.145356 -0.045978360574078225 0.025332199112655177 1.4061401048625641
0.3733882204359886 0.152612 -0.138456540718356 0.021291552123114968 1.2416035818618216
0.3733882204359886 0.159868 0.013509956203307194 0.020400420890734017 1.3016412250443337
0.3733882204359886 0.167124 0.006658633881858611 0.024323093922550974 1.1048059243365624
0.3733882204359886 0.17438 -0.029434013613916177 0.017568098686817583 1.0764149198014237
0.3733882204359886 0.18163600000000002 -0.007921421278101248 0.01608876517394165 0.9143239213647085
0.3733882204359886 0.188892 -0.008130585926853562 0.01454833246619391 0.8110335163504782
0.3733882204359886 0.196148 -0.08466776811487209 0.010672266872815266 0.825308036338873
0.3733882204359886 0.203404 0.03280127041892833 0.012278723174049428 0.6148265694279526
0.3733882204359886 0.21066000000000001 0.017810025570749843 0.00823318384329142 0.5363208697518742
0.3733882204359886 0.217916 0.010295930487711547 0.007667846928836501 0.48492462861116337
0.3733882204359886 0.225172 -0.015757032410846084 0.00812093024004134 0.4902414345517356
0.4167494331317808 0.051028 0.5024166333146001 0.07272237180724091 2.386614671804158
0.4167494331317808 0.058283999999999996 -0.12329542489037104 0.05577324274674716 2.428727459924465
0.4167494331317808 0.06554 0.10796898682905454 0.07224324515365871 2.5646312255260493
0.4167494331317808 0.072796 0.2878725857464781 0.06784102127070028 2.539695796803297
0.4167494331317808 0.080052 0.22596183742396514 0.062291517947392565 2.3233338415343314
0.4167494331317808 0.087308 0.16983597801408346 0.05804708603895618 2.354539021842465
0.4167494331317808 0.09456400000000001 0.27394793186874544 0.036047422697234495 1.7927917751752522
0.4167494331317808 0.10182 -0.2029525001483612 0.03933766679923811 1.9475445685354014
0.4167494331317808 0.109076 0.05219643754134706 0.040962997528755166 1.8341152021455784
0.4167494331317808 0.11633199999999999 0.48301869527171637 0.04124454499693083 1.5409660028591234
0.4167494331317808 0.123588 0.20358767077296736 0.036219209447134956 1.7610513308230706
0.4167494331317808 0.13084400000000002 -0.25284868188988496 0.02858852369455706 1.6859228714952565
0.4167494331317808 0.1381 -0.10947193059823457 0.024524871566770214 1.5073935197976356
0.4167494331317808 0.145356 -0.013807508815513403 0.024037780629883036 1.3529796945838322
0.4167494331317808 0.152612 -0.016519072343183838 0.025261462753611102 1.2740425186257518
0.4167494331317808 0.159868 0.03131538508827547 0.01679742306450143 1.1097674693160675
0.4167494331317808 0.167124 -0.02316445906665754 0.017351794968898555 1.0748829826991604
0.4167494331317808 0.17438 0.07233925906910998 0.01787958617028324 0.8920639175372729
0.4167494331317808 0.18163600000000002 -0.12341601926331913 0.01984756492392378 1.0685302275412072
0.4167494331317808 0.188892 0.05409788747180122 0.009075622014889291 0.806922298114902
0.4167494331317808 0.196148 0.0402350091972562 0.011084225939938125 0.7088507335472236
0.4167494331317808 0.203404 -0.08598852090776943 0.011050903891669637 0.7534158419015077
0.4167494331317808 0.21066000000000001 -0.06553791265827857 0.009734401489976126 0.635114973584391
0.4167494331317808 0.217916 -0.04766323541473538 0.008478346963650615 0.5472819748982906
0.4167494331317808 0.225172 0.005423601402655076 0.007613479365990008 0.4675582013687459
0.46011064582757305 0.051028 0.26655600261323054 0.06781077280659599 2.231795218760932
0.46011064582757305 0.058283999999999996 -0.2023658069691998 0.06848230487436044 2.4122390380891208
0.46011064582757305 0.06554 0.00866302051682677 0.06585995756833289 2.505392596963287
0.46011064582757305 0.072796 -0.0010033236044990623 0.06572972211315818 2.147326132189026
0.46011064582757305 0.080052 0.21613253267205446 0.06382100757011169 2.208115724260424
0.46011064582757305 0.087308 0.5864046348481258 0.06323158451848275 1.8768114766467419
0.46011064582757305 0.09456400000000001 0.13709177058452449 0.04300639087841486 2.08566977130905
0.46011064582757305 0.10182 0.2613981723754679 0.03781980664934648 1.8552302615717053
0.46011064582757305 0.109076 -0.3799482860720367 0.03575938087180369 1.9986555103995753
0.46011064582757305 0.11633199999999999 0.30846481991466135 0.03714200626667262 1.6171057786495011
0.46011064582757305 0.123588 -0.1355319021958783 0.029830601686425106 1.8125448234214057
0.46011064582757305 0.13084400000000002 0.15257504311958514 0.024836047928371168 1.4894330117141739
0.46011064582757305 0.1381 0.1454041833197921 0.02350317078989092 1.424286229878467
0.46011064582757305 0.145356 -0.14617269999778615 0.031115667848337726 1.3925946282973374
0.46011064582757305 0.152612 0.011727079826717723 0.02032615644778203 1.2035851382748468
0.46011064582757305 0.159868 0.1854124866781366 0.019056834270408857 1.1008621559257765
0.46011064582757305 0.167124 -0.011828649420780879 0.015765135203637818 1.0255631777399685
0.46011064582757305 0.17438 0.13495388408371334 0.017032627297083273 0.8523636275549359
0.46011064582757305 0.18163600000000002 0.1204496198759164 0.01109680988266319 0.8537829148659232
0.46011064582757305 0.188892 -0.03269266140387461 0.01537848937142485 0.8615887697561886
0.46011064582757305 0.196148 0.0016077682903545831 0.011541225520969738 0.7461074887594399
0.46011064582757305 0.203404 -0.07544506968713927 0.010220590822037348 0.6976005693964831
0.46011064582757305 0.21066000000000001 -0.022895732465557317 0.008894204882212117 0.5980382868820763
0.46011064582757305 0.217916 0.003615142455098863 0.007652769344940013 0.5251135017320748
0.46011064582757305 0.225172 0.015106182523824452 0.004580247383210564 0.4662518213123615
