k ps_3d err_sample_variance err_thermal_noise
0.07597061462993654 1.6058726976706248872 0.7224575482792523 53.217135623773487354
0.0948241797491695 -5.990067008164195156 1.0800740155810227 105.67130220394231474
0.1183566186597577 3.3166261744140186352 1.4022772395410785 170.56155833190068825
0.14772908363274287 -2.9820526928001362121 1.1181618126792954 291.67423085244343256
0.18439088914585774 13.595214976684715624 1.6145457420186438 430.0149411209001866
0.23015102486200073 -8.567755823041090957 2.0361009554390823 594.8523037077295874
0.28726741592492194 0.08047160167659517249 2.2465885211679906 705.2669949284743025
0.3585583349092749 10.583255675650291461 2.22237598012042 789.6426914423572676
0.44754146278292933 19.60130592713896902 2.611610603843841 938.76741155857990434
