# Cylindrically averaged Power Spectra n_kper=20, n_kpar=9
# k_par (h cMpc^-1), k_per (h cMpc^-1), P (K^2 h^-3 cMpc^3), P_err (K^2 h^-3 cMpc^3)
# 
     0.0482      0.0480     -0.0193      0.0618
     0.0482      0.0574      0.0361      0.0338
     0.0482      0.0669     -0.0189      0.0286
     0.0482      0.0763      0.0661      0.0399
     0.0482      0.0858      0.1131      0.0518
     0.0482      0.0952     -0.0122      0.0377
     0.0482      0.1046      0.0070      0.0371
     0.0482      0.1141      0.0106      0.0507
     0.0482      0.1235      0.0216      0.0409
     0.0482      0.1330     -0.0603      0.0304
     0.0482      0.1424      0.1174      0.0499
     0.0482      0.1519      0.0598      0.0360
     0.0482      0.1613      0.0468      0.0511
     0.0482      0.1707     -0.0283      0.0619
     0.0482      0.1802      0.0086      0.0710
     0.0482      0.1896     -0.0371      0.0599
     0.0482      0.1991      0.0829      0.0860
     0.0482      0.2085     -0.0877      0.1081
     0.0482      0.2180     -0.0820      0.1245
     0.0482      0.2274      0.2908      0.1780
     0.0964      0.0480      0.0655      0.0469
     0.0964      0.0574      0.0170      0.0350
     0.0964      0.0669      0.0739      0.0387
     0.0964      0.0763      0.0107      0.0323
     0.0964      0.0858      0.0485      0.0423
     0.0964      0.0952      0.0253      0.0321
     0.0964      0.1046      0.0038      0.0366
     0.0964      0.1141     -0.0953      0.0462
     0.0964      0.1235      0.0686      0.0385
     0.0964      0.1330     -0.0127      0.0414
     0.0964      0.1424      0.0314      0.0336
     0.0964      0.1519      0.0464      0.0365
     0.0964      0.1613      0.0858      0.0501
     0.0964      0.1707      0.0093      0.0503
     0.0964      0.1802      0.0192      0.0691
     0.0964      0.1896     -0.0040      0.0615
     0.0964      0.1991      0.0901      0.0773
     0.0964      0.2085     -0.0520      0.1003
     0.0964      0.2180      0.0496      0.1239
     0.0964      0.2274      0.0688      0.1623
     0.1446      0.0480      0.0412      0.0482
     0.1446      0.0574      0.0374      0.0316
     0.1446      0.0669     -0.0442      0.0300
     0.1446      0.0763     -0.0523      0.0305
     0.1446      0.0858      0.0807      0.0445
     0.1446      0.0952     -0.0040      0.0325
     0.1446      0.1046      0.0372      0.0355
     0.1446      0.1141     -0.0470      0.0445
     0.1446      0.1235      0.1007      0.0387
     0.1446      0.1330      0.0913      0.0444
     0.1446      0.1424      0.0505      0.0488
     0.1446      0.1519     -0.0619      0.0418
     0.1446      0.1613     -0.0417      0.0517
     0.1446      0.1707      0.0000      0.0523
     0.1446      0.1802      0.0491      0.0858
     0.1446      0.1896      0.0118      0.0581
     0.1446      0.1991      0.0828      0.0769
     0.1446      0.2085      0.0906      0.1094
     0.1446      0.2180     -0.2381      0.1016
     0.1446      0.2274     -0.0637      0.1627
     0.1928      0.0480     -0.0000      0.0728
     0.1928      0.0574      0.0336      0.0309
     0.1928      0.0669     -0.0388      0.0497
     0.1928      0.0763     -0.0031      0.0357
     0.1928      0.0858     -0.0109      0.0348
     0.1928      0.0952      0.0112      0.0349
     0.1928      0.1046      0.0379      0.0357
     0.1928      0.1141     -0.0169      0.0460
     0.1928      0.1235      0.0027      0.0311
     0.1928      0.1330     -0.0342      0.0318
     0.1928      0.1424      0.0006      0.0510
     0.1928      0.1519     -0.0079      0.0401
     0.1928      0.1613     -0.0575      0.0459
     0.1928      0.1707      0.1142      0.0545
     0.1928      0.1802     -0.0283      0.0669
     0.1928      0.1896     -0.0384      0.0674
     0.1928      0.1991     -0.0778      0.0795
     0.1928      0.2085      0.1295      0.1012
     0.1928      0.2180      0.0728      0.1037
     0.1928      0.2274      0.0228      0.1587
     0.2410      0.0480     -0.0208      0.0657
     0.2410      0.0574     -0.0112      0.0223
     0.2410      0.0669      0.0264      0.0333
     0.2410      0.0763      0.0502      0.0330
     0.2410      0.0858     -0.0084      0.0393
     0.2410      0.0952      0.0132      0.0366
     0.2410      0.1046      0.0646      0.0375
     0.2410      0.1141      0.0977      0.0502
     0.2410      0.1235      0.0380      0.0361
     0.2410      0.1330      0.0112      0.0406
     0.2410      0.1424     -0.0407      0.0503
     0.2410      0.1519      0.0462      0.0440
     0.2410      0.1613     -0.0046      0.0478
     0.2410      0.1707     -0.0333      0.0489
     0.2410      0.1802      0.0741      0.0707
     0.2410      0.1896      0.0603      0.0624
     0.2410      0.1991      0.0712      0.0694
     0.2410      0.2085      0.0097      0.1070
     0.2410      0.2180     -0.0778      0.1262
     0.2410      0.2274      0.1088      0.1544
     0.2892      0.0480      0.0050      0.0601
     0.2892      0.0574      0.0681      0.0292
     0.2892      0.0669     -0.0238      0.0252
     0.2892      0.0763     -0.0320      0.0361
     0.2892      0.0858     -0.0259      0.0352
     0.2892      0.0952      0.0541      0.0382
     0.2892      0.1046      0.0742      0.0340
     0.2892      0.1141      0.0061      0.0510
     0.2892      0.1235      0.0156      0.0327
     0.2892      0.1330      0.0475      0.0398
     0.2892      0.1424     -0.0182      0.0482
     0.2892      0.1519      0.0580      0.0449
     0.2892      0.1613     -0.0672      0.0563
     0.2892      0.1707     -0.0847      0.0551
     0.2892      0.1802      0.0470      0.0769
     0.2892      0.1896      0.0297      0.0662
     0.2892      0.1991      0.1732      0.0735
     0.2892      0.2085      0.0930      0.1131
     0.2892      0.2180      0.0869      0.0976
     0.2892      0.2274     -0.1375      0.1468
     0.3374      0.0480      0.0364      0.0546
     0.3374      0.0574      0.0224      0.0380
     0.3374      0.0669      0.0303      0.0363
     0.3374      0.0763     -0.0186      0.0315
     0.3374      0.0858     -0.0309      0.0416
     0.3374      0.0952     -0.0359      0.0287
     0.3374      0.1046      0.0217      0.0359
     0.3374      0.1141     -0.0754      0.0451
     0.3374      0.1235     -0.0319      0.0306
     0.3374      0.1330     -0.0361      0.0368
     0.3374      0.1424      0.0096      0.0459
     0.3374      0.1519      0.0533      0.0458
     0.3374      0.1613     -0.0169      0.0445
     0.3374      0.1707      0.0965      0.0556
     0.3374      0.1802      0.1505      0.0641
     0.3374      0.1896     -0.0443      0.0603
     0.3374      0.1991     -0.0525      0.0676
     0.3374      0.2085      0.0494      0.0999
     0.3374      0.2180     -0.0265      0.1201
     0.3374      0.2274      0.0348      0.1682
     0.3856      0.0480     -0.0095      0.0293
     0.3856      0.0574     -0.0014      0.0345
     0.3856      0.0669      0.0284      0.0422
     0.3856      0.0763      0.0430      0.0294
     0.3856      0.0858      0.0071      0.0286
     0.3856      0.0952      0.0171      0.0321
     0.3856      0.1046      0.0216      0.0326
     0.3856      0.1141     -0.0257      0.0362
     0.3856      0.1235      0.0263      0.0364
     0.3856      0.1330     -0.0282      0.0340
     0.3856      0.1424      0.0357      0.0443
     0.3856      0.1519     -0.0668      0.0521
     0.3856      0.1613     -0.0600      0.0483
     0.3856      0.1707     -0.0138      0.0518
     0.3856      0.1802      0.0380      0.0769
     0.3856      0.1896     -0.0179      0.0600
     0.3856      0.1991     -0.0201      0.0713
     0.3856      0.2085     -0.1347      0.1385
     0.3856      0.2180      0.0137      0.1058
     0.3856      0.2274      0.0713      0.1470
     0.4338      0.0480      0.0775      0.0486
     0.4338      0.0574      0.0443      0.0294
     0.4338      0.0669      0.0657      0.0404
     0.4338      0.0763      0.0249      0.0356
     0.4338      0.0858     -0.0072      0.0360
     0.4338      0.0952      0.0572      0.0362
     0.4338      0.1046      0.0162      0.0336
     0.4338      0.1141      0.0264      0.0499
     0.4338      0.1235      0.0066      0.0330
     0.4338      0.1330      0.0219      0.0379
     0.4338      0.1424     -0.0009      0.0464
     0.4338      0.1519      0.0736      0.0457
     0.4338      0.1613     -0.0082      0.0531
     0.4338      0.1707      0.0303      0.0535
     0.4338      0.1802      0.1382      0.0735
     0.4338      0.1896      0.0306      0.0609
     0.4338      0.1991      0.0961      0.0668
     0.4338      0.2085     -0.1250      0.1234
     0.4338      0.2180      0.0991      0.1145
     0.4338      0.2274     -0.0844      0.1615
