# Cylindrically averaged Power Spectra n_kper=20, n_kpar=9
# k_par (h cMpc^-1), k_per (h cMpc^-1), P (K^2 h^-3 cMpc^3), P_err (K^2 h^-3 cMpc^3)
# 
     0.0482      0.0480      0.1324      0.0470
     0.0482      0.0574      0.0971      0.0199
     0.0482      0.0669      0.0994      0.0223
     0.0482      0.0763      0.1224      0.0218
     0.0482      0.0858      0.1128      0.0231
     0.0482      0.0952      0.1559      0.0277
     0.0482      0.1046      0.1523      0.0256
     0.0482      0.1141      0.1824      0.0348
     0.0482      0.1235      0.1964      0.0274
     0.0482      0.1330      0.1743      0.0255
     0.0482      0.1424      0.1631      0.0251
     0.0482      0.1519      0.1487      0.0209
     0.0482      0.1613      0.2321      0.0327
     0.0482      0.1707      0.3571      0.0455
     0.0482      0.1802      0.3352      0.0495
     0.0482      0.1896      0.3661      0.0445
     0.0482      0.1991      0.4730      0.0557
     0.0482      0.2085      0.5532      0.0827
     0.0482      0.2180      0.7681      0.0928
     0.0482      0.2274      0.6450      0.1010
     0.0964      0.0480      0.0548      0.0195
     0.0964      0.0574      0.1118      0.0229
     0.0964      0.0669      0.0794      0.0178
     0.0964      0.0763      0.1231      0.0219
     0.0964      0.0858      0.1197      0.0245
     0.0964      0.0952      0.1143      0.0203
     0.0964      0.1046      0.1518      0.0255
     0.0964      0.1141      0.2118      0.0405
     0.0964      0.1235      0.1579      0.0220
     0.0964      0.1330      0.2067      0.0302
     0.0964      0.1424      0.1382      0.0212
     0.0964      0.1519      0.1588      0.0223
     0.0964      0.1613      0.2050      0.0289
     0.0964      0.1707      0.2740      0.0349
     0.0964      0.1802      0.3211      0.0475
     0.0964      0.1896      0.3593      0.0437
     0.0964      0.1991      0.4171      0.0491
     0.0964      0.2085      0.4994      0.0747
     0.0964      0.2180      0.6994      0.0845
     0.0964      0.2274      0.6976      0.1092
     0.1446      0.0480      0.0731      0.0259
     0.1446      0.0574      0.0888      0.0182
     0.1446      0.0669      0.1142      0.0256
     0.1446      0.0763      0.1447      0.0257
     0.1446      0.0858      0.1076      0.0221
     0.1446      0.0952      0.1312      0.0233
     0.1446      0.1046      0.1294      0.0218
     0.1446      0.1141      0.1864      0.0356
     0.1446      0.1235      0.1390      0.0194
     0.1446      0.1330      0.1644      0.0240
     0.1446      0.1424      0.1979      0.0304
     0.1446      0.1519      0.2387      0.0336
     0.1446      0.1613      0.2794      0.0394
     0.1446      0.1707      0.2901      0.0370
     0.1446      0.1802      0.3854      0.0570
     0.1446      0.1896      0.3315      0.0403
     0.1446      0.1991      0.4185      0.0493
     0.1446      0.2085      0.4698      0.0703
     0.1446      0.2180      0.7013      0.0848
     0.1446      0.2274      0.7660      0.1200
     0.1928      0.0480      0.1451      0.0515
     0.1928      0.0574      0.0883      0.0181
     0.1928      0.0669      0.1750      0.0392
     0.1928      0.0763      0.1434      0.0255
     0.1928      0.0858      0.1254      0.0257
     0.1928      0.0952      0.1331      0.0237
     0.1928      0.1046      0.1298      0.0218
     0.1928      0.1141      0.1786      0.0341
     0.1928      0.1235      0.1562      0.0218
     0.1928      0.1330      0.1701      0.0248
     0.1928      0.1424      0.2344      0.0360
     0.1928      0.1519      0.2058      0.0289
     0.1928      0.1613      0.2573      0.0363
     0.1928      0.1707      0.2393      0.0305
     0.1928      0.1802      0.3338      0.0493
     0.1928      0.1896      0.4106      0.0499
     0.1928      0.1991      0.5146      0.0606
     0.1928      0.2085      0.4092      0.0612
     0.1928      0.2180      0.5690      0.0688
     0.1928      0.2274      0.7052      0.1104
     0.2410      0.0480      0.1409      0.0500
     0.2410      0.0574      0.0823      0.0169
     0.2410      0.0669      0.0912      0.0204
     0.2410      0.0763      0.1039      0.0185
     0.2410      0.0858      0.1397      0.0286
     0.2410      0.0952      0.1386      0.0246
     0.2410      0.1046      0.1222      0.0206
     0.2410      0.1141      0.1305      0.0249
     0.2410      0.1235      0.1629      0.0227
     0.2410      0.1330      0.1910      0.0279
     0.2410      0.1424      0.2507      0.0385
     0.2410      0.1519      0.1969      0.0277
     0.2410      0.1613      0.2421      0.0341
     0.2410      0.1707      0.2873      0.0366
     0.2410      0.1802      0.2991      0.0442
     0.2410      0.1896      0.3316      0.0403
     0.2410      0.1991      0.3793      0.0447
     0.2410      0.2085      0.5010      0.0749
     0.2410      0.2180      0.7761      0.0938
     0.2410      0.2274      0.6407      0.1003
     0.2892      0.0480      0.1171      0.0416
     0.2892      0.0574      0.0606      0.0124
     0.2892      0.0669      0.0906      0.0203
     0.2892      0.0763      0.1588      0.0282
     0.2892      0.0858      0.1336      0.0274
     0.2892      0.0952      0.1225      0.0218
     0.2892      0.1046      0.1011      0.0170
     0.2892      0.1141      0.1857      0.0355
     0.2892      0.1235      0.1579      0.0220
     0.2892      0.1330      0.1674      0.0245
     0.2892      0.1424      0.2308      0.0355
     0.2892      0.1519      0.1949      0.0274
     0.2892      0.1613      0.3141      0.0443
     0.2892      0.1707      0.3450      0.0440
     0.2892      0.1802      0.3439      0.0508
     0.2892      0.1896      0.3698      0.0450
     0.2892      0.1991      0.3464      0.0408
     0.2892      0.2085      0.4864      0.0728
     0.2892      0.2180      0.5259      0.0636
     0.2892      0.2274      0.7281      0.1140
     0.3374      0.0480      0.0890      0.0316
     0.3374      0.0574      0.1195      0.0245
     0.3374      0.0669      0.0986      0.0221
     0.3374      0.0763      0.1342      0.0239
     0.3374      0.0858      0.1582      0.0324
     0.3374      0.0952      0.1307      0.0232
     0.3374      0.1046      0.1395      0.0235
     0.3374      0.1141      0.2002      0.0382
     0.3374      0.1235      0.1700      0.0237
     0.3374      0.1330      0.1955      0.0286
     0.3374      0.1424      0.2063      0.0317
     0.3374      0.1519      0.2023      0.0284
     0.3374      0.1613      0.2316      0.0326
     0.3374      0.1707      0.2561      0.0327
     0.3374      0.1802      0.2223      0.0328
     0.3374      0.1896      0.3720      0.0452
     0.3374      0.1991      0.4315      0.0508
     0.3374      0.2085      0.4468      0.0668
     0.3374      0.2180      0.7157      0.0865
     0.3374      0.2274      0.7419      0.1162
     0.3856      0.0480      0.0629      0.0223
     0.3856      0.0574      0.1197      0.0245
     0.3856      0.0669      0.1182      0.0265
     0.3856      0.0763      0.0933      0.0166
     0.3856      0.0858      0.0951      0.0195
     0.3856      0.0952      0.1187      0.0211
     0.3856      0.1046      0.1259      0.0212
     0.3856      0.1141      0.1461      0.0279
     0.3856      0.1235      0.1706      0.0238
     0.3856      0.1330      0.1782      0.0260
     0.3856      0.1424      0.1851      0.0284
     0.3856      0.1519      0.2933      0.0412
     0.3856      0.1613      0.2708      0.0382
     0.3856      0.1707      0.2940      0.0375
     0.3856      0.1802      0.3485      0.0515
     0.3856      0.1896      0.3576      0.0435
     0.3856      0.1991      0.4379      0.0516
     0.3856      0.2085      0.7184      0.1075
     0.3856      0.2180      0.6118      0.0739
     0.3856      0.2274      0.6272      0.0982
     0.4338      0.0480      0.0501      0.0178
     0.4338      0.0574      0.0768      0.0157
     0.4338      0.0669      0.0904      0.0202
     0.4338      0.0763      0.1287      0.0229
     0.4338      0.0858      0.1276      0.0262
     0.4338      0.0952      0.1127      0.0200
     0.4338      0.1046      0.1331      0.0224
     0.4338      0.1141      0.1709      0.0326
     0.4338      0.1235      0.1640      0.0229
     0.4338      0.1330      0.1722      0.0252
     0.4338      0.1424      0.2141      0.0329
     0.4338      0.1519      0.1904      0.0268
     0.4338      0.1613      0.2703      0.0381
     0.4338      0.1707      0.2812      0.0359
     0.4338      0.1802      0.2755      0.0407
     0.4338      0.1896      0.3387      0.0412
     0.4338      0.1991      0.3502      0.0412
     0.4338      0.2085      0.6427      0.0961
     0.4338      0.2180      0.6185      0.0748
     0.4338      0.2274      0.7701      0.1206
