# Cylindrically averaged Power Spectra n_kper=20, n_kpar=9
# k_par (h cMpc^-1), k_per (h cMpc^-1), P (K^2 h^-3 cMpc^3), P_err (K^2 h^-3 cMpc^3)
# 
     0.0482      0.0480      0.0114      0.0040
     0.0482      0.0574      0.0076      0.0016
     0.0482      0.0669      0.0085      0.0019
     0.0482      0.0763      0.0098      0.0017
     0.0482      0.0858      0.0101      0.0021
     0.0482      0.0952      0.0124      0.0022
     0.0482      0.1046      0.0173      0.0029
     0.0482      0.1141      0.0132      0.0025
     0.0482      0.1235      0.0161      0.0022
     0.0482      0.1330      0.0183      0.0027
     0.0482      0.1424      0.0180      0.0028
     0.0482      0.1519      0.0241      0.0034
     0.0482      0.1613      0.0259      0.0037
     0.0482      0.1707      0.0301      0.0038
     0.0482      0.1802      0.0338      0.0050
     0.0482      0.1896      0.0426      0.0052
     0.0482      0.1991      0.0480      0.0057
     0.0482      0.2085      0.0473      0.0071
     0.0482      0.2180      0.0573      0.0069
     0.0482      0.2274      0.0770      0.0121
     0.0964      0.0480      0.0066      0.0023
     0.0964      0.0574      0.0082      0.0017
     0.0964      0.0669      0.0085      0.0019
     0.0964      0.0763      0.0133      0.0024
     0.0964      0.0858      0.0116      0.0024
     0.0964      0.0952      0.0157      0.0028
     0.0964      0.1046      0.0106      0.0018
     0.0964      0.1141      0.0157      0.0030
     0.0964      0.1235      0.0136      0.0019
     0.0964      0.1330      0.0191      0.0028
     0.0964      0.1424      0.0142      0.0022
     0.0964      0.1519      0.0213      0.0030
     0.0964      0.1613      0.0215      0.0030
     0.0964      0.1707      0.0254      0.0032
     0.0964      0.1802      0.0292      0.0043
     0.0964      0.1896      0.0381      0.0046
     0.0964      0.1991      0.0400      0.0047
     0.0964      0.2085      0.0604      0.0090
     0.0964      0.2180      0.0479      0.0058
     0.0964      0.2274      0.0674      0.0106
     0.1446      0.0480      0.0128      0.0046
     0.1446      0.0574      0.0131      0.0027
     0.1446      0.0669      0.0117      0.0026
     0.1446      0.0763      0.0107      0.0019
     0.1446      0.0858      0.0060      0.0012
     0.1446      0.0952      0.0114      0.0020
     0.1446      0.1046      0.0182      0.0031
     0.1446      0.1141      0.0135      0.0026
     0.1446      0.1235      0.0173      0.0024
     0.1446      0.1330      0.0182      0.0027
     0.1446      0.1424      0.0180      0.0028
     0.1446      0.1519      0.0242      0.0034
     0.1446      0.1613      0.0259      0.0037
     0.1446      0.1707      0.0291      0.0037
     0.1446      0.1802      0.0273      0.0040
     0.1446      0.1896      0.0394      0.0048
     0.1446      0.1991      0.0454      0.0053
     0.1446      0.2085      0.0504      0.0075
     0.1446      0.2180      0.0611      0.0074
     0.1446      0.2274      0.0754      0.0118
     0.1928      0.0480      0.0056      0.0020
     0.1928      0.0574      0.0083      0.0017
     0.1928      0.0669      0.0122      0.0027
     0.1928      0.0763      0.0085      0.0015
     0.1928      0.0858      0.0063      0.0013
     0.1928      0.0952      0.0125      0.0022
     0.1928      0.1046      0.0155      0.0026
     0.1928      0.1141      0.0149      0.0028
     0.1928      0.1235      0.0127      0.0018
     0.1928      0.1330      0.0155      0.0023
     0.1928      0.1424      0.0182      0.0028
     0.1928      0.1519      0.0218      0.0031
     0.1928      0.1613      0.0274      0.0039
     0.1928      0.1707      0.0299      0.0038
     0.1928      0.1802      0.0325      0.0048
     0.1928      0.1896      0.0323      0.0039
     0.1928      0.1991      0.0445      0.0052
     0.1928      0.2085      0.0504      0.0075
     0.1928      0.2180      0.0626      0.0076
     0.1928      0.2274      0.0643      0.0101
     0.2410      0.0480      0.0057      0.0020
     0.2410      0.0574      0.0111      0.0023
     0.2410      0.0669      0.0095      0.0021
     0.2410      0.0763      0.0120      0.0021
     0.2410      0.0858      0.0114      0.0023
     0.2410      0.0952      0.0133      0.0024
     0.2410      0.1046      0.0111      0.0019
     0.2410      0.1141      0.0097      0.0019
     0.2410      0.1235      0.0177      0.0025
     0.2410      0.1330      0.0187      0.0027
     0.2410      0.1424      0.0161      0.0025
     0.2410      0.1519      0.0298      0.0042
     0.2410      0.1613      0.0259      0.0036
     0.2410      0.1707      0.0274      0.0035
     0.2410      0.1802      0.0222      0.0033
     0.2410      0.1896      0.0300      0.0036
     0.2410      0.1991      0.0455      0.0054
     0.2410      0.2085      0.0557      0.0083
     0.2410      0.2180      0.0685      0.0083
     0.2410      0.2274      0.0721      0.0113
     0.2892      0.0480      0.0049      0.0017
     0.2892      0.0574      0.0106      0.0022
     0.2892      0.0669      0.0130      0.0029
     0.2892      0.0763      0.0143      0.0025
     0.2892      0.0858      0.0115      0.0023
     0.2892      0.0952      0.0122      0.0022
     0.2892      0.1046      0.0127      0.0021
     0.2892      0.1141      0.0113      0.0022
     0.2892      0.1235      0.0131      0.0018
     0.2892      0.1330      0.0161      0.0023
     0.2892      0.1424      0.0261      0.0040
     0.2892      0.1519      0.0229      0.0032
     0.2892      0.1613      0.0231      0.0033
     0.2892      0.1707      0.0275      0.0035
     0.2892      0.1802      0.0396      0.0058
     0.2892      0.1896      0.0334      0.0041
     0.2892      0.1991      0.0498      0.0059
     0.2892      0.2085      0.0642      0.0096
     0.2892      0.2180      0.0569      0.0069
     0.2892      0.2274      0.0747      0.0117
     0.3374      0.0480      0.0123      0.0044
     0.3374      0.0574      0.0107      0.0022
     0.3374      0.0669      0.0128      0.0029
     0.3374      0.0763      0.0084      0.0015
     0.3374      0.0858      0.0128      0.0026
     0.3374      0.0952      0.0109      0.0019
     0.3374      0.1046      0.0156      0.0026
     0.3374      0.1141      0.0102      0.0020
     0.3374      0.1235      0.0132      0.0018
     0.3374      0.1330      0.0145      0.0021
     0.3374      0.1424      0.0227      0.0035
     0.3374      0.1519      0.0249      0.0035
     0.3374      0.1613      0.0266      0.0038
     0.3374      0.1707      0.0228      0.0029
     0.3374      0.1802      0.0398      0.0059
     0.3374      0.1896      0.0314      0.0038
     0.3374      0.1991      0.0375      0.0044
     0.3374      0.2085      0.0624      0.0093
     0.3374      0.2180      0.0674      0.0081
     0.3374      0.2274      0.0723      0.0113
     0.3856      0.0480      0.0111      0.0039
     0.3856      0.0574      0.0090      0.0018
     0.3856      0.0669      0.0076      0.0017
     0.3856      0.0763      0.0106      0.0019
     0.3856      0.0858      0.0069      0.0014
     0.3856      0.0952      0.0183      0.0033
     0.3856      0.1046      0.0209      0.0035
     0.3856      0.1141      0.0169      0.0032
     0.3856      0.1235      0.0185      0.0026
     0.3856      0.1330      0.0183      0.0027
     0.3856      0.1424      0.0168      0.0026
     0.3856      0.1519      0.0227      0.0032
     0.3856      0.1613      0.0273      0.0038
     0.3856      0.1707      0.0236      0.0030
     0.3856      0.1802      0.0276      0.0041
     0.3856      0.1896      0.0277      0.0034
     0.3856      0.1991      0.0482      0.0057
     0.3856      0.2085      0.0368      0.0055
     0.3856      0.2180      0.0632      0.0076
     0.3856      0.2274      0.0870      0.0136
     0.4338      0.0480      0.0061      0.0022
     0.4338      0.0574      0.0101      0.0021
     0.4338      0.0669      0.0127      0.0028
     0.4338      0.0763      0.0100      0.0018
     0.4338      0.0858      0.0190      0.0039
     0.4338      0.0952      0.0140      0.0025
     0.4338      0.1046      0.0125      0.0021
     0.4338      0.1141      0.0136      0.0026
     0.4338      0.1235      0.0158      0.0022
     0.4338      0.1330      0.0204      0.0030
     0.4338      0.1424      0.0196      0.0030
     0.4338      0.1519      0.0303      0.0043
     0.4338      0.1613      0.0247      0.0035
     0.4338      0.1707      0.0287      0.0037
     0.4338      0.1802      0.0244      0.0036
     0.4338      0.1896      0.0362      0.0044
     0.4338      0.1991      0.0427      0.0050
     0.4338      0.2085      0.0478      0.0071
     0.4338      0.2180      0.0623      0.0075
     0.4338      0.2274      0.0827      0.0129
