# Cylindrically averaged Power Spectra n_kper=20, n_kpar=9
# k_par (h cMpc^-1), k_per (h cMpc^-1), P (K^2 h^-3 cMpc^3), P_err (K^2 h^-3 cMpc^3)
# 
     0.0482      0.0480      0.1154      0.6200
     0.0482      0.0574     -0.3554      0.3313
     0.0482      0.0669     -0.4551      0.3390
     0.0482      0.0763      0.1418      0.2756
     0.0482      0.0858      0.3593      0.4084
     0.0482      0.0952      0.5272      0.3854
     0.0482      0.1046      0.1529      0.3562
     0.0482      0.1141     -0.7134      0.4083
     0.0482      0.1235      0.7579      0.3328
     0.0482      0.1330     -0.5645      0.4287
     0.0482      0.1424     -0.0183      0.4272
     0.0482      0.1519     -0.1206      0.4095
     0.0482      0.1613     -0.1845      0.4756
     0.0482      0.1707      0.5459      0.5243
     0.0482      0.1802      1.0857      0.7367
     0.0482      0.1896     -0.6715      0.6440
     0.0482      0.1991     -0.1361      0.6554
     0.0482      0.2085     -0.0705      1.0781
     0.0482      0.2180     -0.2822      1.0336
     0.0482      0.2274      2.0435      2.0572
     0.0964      0.0480      0.1953      0.4948
     0.0964      0.0574     -0.2846      0.3504
     0.0964      0.0669     -0.5976      0.3699
     0.0964      0.0763      0.3938      0.3246
     0.0964      0.0858     -0.3363      0.3876
     0.0964      0.0952     -0.1724      0.3576
     0.0964      0.1046     -0.0511      0.3044
     0.0964      0.1141     -0.7719      0.4017
     0.0964      0.1235     -0.0528      0.3646
     0.0964      0.1330      0.2517      0.4560
     0.0964      0.1424      0.0920      0.3766
     0.0964      0.1519      0.1253      0.3558
     0.0964      0.1613     -0.1164      0.5207
     0.0964      0.1707     -0.0248      0.4349
     0.0964      0.1802     -0.2210      0.5861
     0.0964      0.1896     -0.4117      0.5723
     0.0964      0.1991     -0.8911      0.7655
     0.0964      0.2085     -0.6139      1.3633
     0.0964      0.2180     -0.3379      1.0641
     0.0964      0.2274      2.0952      1.7955
     0.1446      0.0480      0.3288      0.3804
     0.1446      0.0574      0.3541      0.3216
     0.1446      0.0669     -0.1438      0.3105
     0.1446      0.0763     -0.1793      0.2229
     0.1446      0.0858     -0.2813      0.2966
     0.1446      0.0952     -0.1488      0.3027
     0.1446      0.1046      0.0466      0.2991
     0.1446      0.1141     -0.5516      0.4160
     0.1446      0.1235     -0.2380      0.2937
     0.1446      0.1330     -0.3455      0.4239
     0.1446      0.1424      0.8572      0.5520
     0.1446      0.1519      0.0538      0.5445
     0.1446      0.1613      0.0023      0.5230
     0.1446      0.1707      0.6060      0.5283
     0.1446      0.1802      0.0601      0.6521
     0.1446      0.1896     -0.1160      0.5710
     0.1446      0.1991     -0.7957      0.7381
     0.1446      0.2085      0.4630      1.1592
     0.1446      0.2180      0.0525      1.0128
     0.1446      0.2274      1.2707      1.8896
     0.1928      0.0480     -0.1704      0.4419
     0.1928      0.0574      0.4179      0.2739
     0.1928      0.0669      0.1539      0.3813
     0.1928      0.0763      0.0707      0.3466
     0.1928      0.0858      0.1783      0.3257
     0.1928      0.0952      0.1928      0.3093
     0.1928      0.1046      0.1546      0.3390
     0.1928      0.1141     -0.0815      0.4457
     0.1928      0.1235      0.1703      0.2821
     0.1928      0.1330      0.3352      0.3985
     0.1928      0.1424      0.6292      0.4263
     0.1928      0.1519      0.0023      0.4558
     0.1928      0.1613      0.0846      0.4702
     0.1928      0.1707      0.3962      0.4907
     0.1928      0.1802     -1.4141      0.7242
     0.1928      0.1896      0.4423      0.6537
     0.1928      0.1991      0.4570      0.7184
     0.1928      0.2085      1.2754      1.2070
     0.1928      0.2180     -2.0837      0.9630
     0.1928      0.2274      0.4463      1.9639
     0.2410      0.0480      0.8736      0.6752
     0.2410      0.0574      0.3295      0.2418
     0.2410      0.0669     -0.1869      0.3443
     0.2410      0.0763     -0.1008      0.2372
     0.2410      0.0858      0.0434      0.3384
     0.2410      0.0952     -0.4549      0.3534
     0.2410      0.1046      0.2512      0.3272
     0.2410      0.1141      0.3311      0.3723
     0.2410      0.1235      0.1523      0.3540
     0.2410      0.1330     -0.0703      0.4062
     0.2410      0.1424     -0.2488      0.3929
     0.2410      0.1519      0.0330      0.4588
     0.2410      0.1613      0.3242      0.4828
     0.2410      0.1707      0.0673      0.4421
     0.2410      0.1802      0.0597      0.6691
     0.2410      0.1896      0.6248      0.5666
     0.2410      0.1991      1.5175      0.7925
     0.2410      0.2085     -1.5768      0.9881
     0.2410      0.2180      0.9323      0.9999
     0.2410      0.2274     -2.2354      1.8945
     0.2892      0.0480      0.0295      0.3404
     0.2892      0.0574      1.0899      0.3901
     0.2892      0.0669     -0.0497      0.4342
     0.2892      0.0763     -0.2043      0.2302
     0.2892      0.0858     -0.0536      0.3755
     0.2892      0.0952      0.3445      0.3100
     0.2892      0.1046     -0.2220      0.3366
     0.2892      0.1141     -0.1061      0.3427
     0.2892      0.1235      0.3712      0.3690
     0.2892      0.1330      0.4160      0.4114
     0.2892      0.1424     -0.3894      0.4147
     0.2892      0.1519     -0.7003      0.4729
     0.2892      0.1613      0.3409      0.4973
     0.2892      0.1707      0.0730      0.5191
     0.2892      0.1802      1.1227      0.7287
     0.2892      0.1896     -0.2117      0.6267
     0.2892      0.1991     -0.3387      0.6726
     0.2892      0.2085      0.0138      1.0121
     0.2892      0.2180      1.1567      0.9615
     0.2892      0.2274      0.7116      1.2952
     0.3374      0.0480     -0.7655      0.4950
     0.3374      0.0574      0.0179      0.2876
     0.3374      0.0669     -0.4246      0.3628
     0.3374      0.0763      0.2329      0.2683
     0.3374      0.0858     -0.1713      0.3344
     0.3374      0.0952      0.0235      0.2481
     0.3374      0.1046      0.7821      0.3251
     0.3374      0.1141      0.2330      0.3158
     0.3374      0.1235     -0.2935      0.2937
     0.3374      0.1330      0.1085      0.4022
     0.3374      0.1424      0.0515      0.3709
     0.3374      0.1519     -0.3201      0.4921
     0.3374      0.1613      0.3540      0.4316
     0.3374      0.1707     -0.4426      0.5322
     0.3374      0.1802      0.2427      0.6097
     0.3374      0.1896      0.5281      0.5936
     0.3374      0.1991     -1.0762      0.7113
     0.3374      0.2085      1.0040      1.0565
     0.3374      0.2180      1.1784      1.0439
     0.3374      0.2274      0.3818      2.0003
     0.3856      0.0480      0.0781      0.3344
     0.3856      0.0574     -0.1721      0.2957
     0.3856      0.0669      0.2721      0.3275
     0.3856      0.0763      0.3393      0.3236
     0.3856      0.0858      0.7011      0.3873
     0.3856      0.0952     -0.0234      0.4156
     0.3856      0.1046     -0.5828      0.3792
     0.3856      0.1141     -0.7114      0.3238
     0.3856      0.1235      0.3143      0.3570
     0.3856      0.1330      0.1306      0.4170
     0.3856      0.1424     -0.2930      0.4049
     0.3856      0.1519     -0.0500      0.4035
     0.3856      0.1613     -0.5300      0.4518
     0.3856      0.1707      0.1880      0.5263
     0.3856      0.1802     -0.0593      0.6760
     0.3856      0.1896      0.3837      0.6364
     0.3856      0.1991      1.0430      0.8226
     0.3856      0.2085      2.3733      1.1165
     0.3856      0.2180     -1.8950      1.0906
     0.3856      0.2274      3.0853      1.4271
     0.4338      0.0480     -0.3979      0.4489
     0.4338      0.0574      0.8101      0.3531
     0.4338      0.0669     -0.2944      0.3624
     0.4338      0.0763      0.1192      0.3283
     0.4338      0.0858     -0.5352      0.4019
     0.4338      0.0952     -0.0302      0.2925
     0.4338      0.1046     -0.1533      0.3289
     0.4338      0.1141     -0.0458      0.3204
     0.4338      0.1235      0.6767      0.3696
     0.4338      0.1330      0.3055      0.3256
     0.4338      0.1424      0.3710      0.3663
     0.4338      0.1519      0.2523      0.3932
     0.4338      0.1613     -0.2985      0.4811
     0.4338      0.1707     -0.9341      0.6275
     0.4338      0.1802      0.0570      0.7505
     0.4338      0.1896     -0.2443      0.6232
     0.4338      0.1991      0.0046      0.7567
     0.4338      0.2085     -0.6860      1.1177
     0.4338      0.2180      1.1019      1.0037
     0.4338      0.2274     -1.6710      1.8040
