k ps_3d err_sample_variance err_thermal_noise
0.07597061462993654 -53.213178268168425798 0.06144793121394495 53.217135623773487354
0.0948241797491695 -105.57605813374288117 0.22238625127231348 105.67130220394231474
0.1183566186597577 -170.34623021747128013 0.41421530835480325 170.56155833190068825
0.14772908363274287 -252.95125545197210062 0.5151337007641026 291.67423085244343256
0.18439088914585774 -290.87482030387455975 1.1615503800317686 430.0149411209001866
0.23015102486200073 -239.72506006325102426 2.6463296105911285 594.8523037077295874
0.28726741592492194 -98.90675896120976068 2.9137373286389963 705.2669949284743025
0.3585583349092749 41.34094754687206591 2.2689586914948205 789.6426914423572676
0.44754146278292933 23.874833627024106941 1.9320402922571933 938.76741155857990434
