k ps_3d err_sample_variance err_thermal_noise
0.07597061462993654 16278105.606913120104 352569.59983709233 53.217135623773487354
0.0948241797491695 14951857.6062581862 2476547.1854854855 105.67130220394231474
0.1183566186597577 6913383.260115851963 313868.6458436736 170.56155833190068825
0.14772908363274287 5302300.745302862072 57655.81578936735 291.67423085244343256
0.18439088914585774 2345609.4296586102428 1035225.8563096361 430.0149411209001866
0.23015102486200073 971175.28505158065894 842927.2925429585 594.8523037077295874
0.28726741592492194 505591.36592126861933 111925.03042833785 705.2669949284743025
0.3585583349092749 574600.8963554997256 897978.1494474284 789.6426914423572676
0.44754146278292933 483913.60315989427272 398355.73702377954 938.76741155857990434
