k ps_3d err_sample_variance
0.07597061462993654 53.217135623773487354 0.5798521667021324
0.0948241797491695 105.67130220394231474 0.8338972597412617
0.1183566186597577 170.56155833190068825 0.9875869137936059
0.14772908363274287 291.67423085244343256 1.3761846018218875
0.18439088914585774 430.0149411209001866 1.160392664112385
0.23015102486200073 594.8523037077295874 1.4210697649515986
0.28726741592492194 705.2669949284743025 1.268881757915255
0.3585583349092749 789.6426914423572676 2.0005481530215197
0.44754146278292933 938.76741155857990434 1.7953044312498618
