k ps_3d err_sample_variance err_thermal_noise
0.07597061462993654 -562.24662941070669997 0.855173118638553 562.58516475494927994
0.0948241797491695 -971.7548701749677453 1.3019796412094564 987.13162491355866257
0.1183566186597577 -1670.7434316965781599 2.265926188368598 1703.2332130461441635
0.14772908363274287 -2124.197341852073478 7.234993648254448 2891.449127615328885
0.18439088914585774 -2356.5776918895615069 11.08592521077064 4219.467761848970312
0.23015102486200073 -2146.1443057059422808 27.45612041725782 5913.5526485984076976
0.28726741592492194 -898.07800407665057296 22.535584037058474 6976.3906873530284605
0.3585583349092749 -277.82089211912639248 23.181943149153362 8037.3306224378168454
0.44754146278292933 -335.26827071822502102 22.907741595401966 9360.931941670927009
