k ps_3d err_sample_variance err_thermal_noise
0.07597061462993654 16282619.467987267895 352422.5039587445 562.58516475494927994
0.0948241797491695 14952720.463463294944 2478430.412159128 987.13162491355866257
0.1183566186597577 6913221.5301153832506 314132.3004413625 1703.2332130461441635
0.14772908363274287 5300320.1797765957067 57629.94680245883 2891.449127615328885
0.18439088914585774 2344087.5328480510532 1034963.8820393012 4219.467761848970312
0.23015102486200073 974489.7073178901005 842425.5628094574 5913.5526485984076976
0.28726741592492194 506389.8935862620859 111941.19352418189 6976.3906873530284605
0.3585583349092749 574301.3496358625772 897725.4021550423 8037.3306224378168454
0.44754146278292933 482646.2565042308899 398642.99237819266 9360.931941670927009
