k ps_3d err_sample_variance
0.07597061462993654 562.58516475494927994 8.269328682790631
0.0948241797491695 987.13162491355866257 5.1609372637789415
0.1183566186597577 1703.2332130461441635 9.998406793007476
0.14772908363274287 2891.449127615328885 13.902545531184206
0.18439088914585774 4219.467761848970312 15.898258540035682
0.23015102486200073 5913.5526485984076976 15.647040424818284
0.28726741592492194 6976.3906873530284605 23.158514929245715
0.3585583349092749 8037.3306224378168454 19.952331631652203
0.44754146278292933 9360.931941670927009 16.358578051991298
