k ps_3d err_sample_variance err_thermal_noise
0.07597061462993654 16904958.724099316032 382450.6109655152 6.9251127494248629897
0.0948241797491695 15835099.168512230603 2668768.5756213157 11.484539724040645842
0.1183566186597577 7167743.879749165103 306594.50233081257 20.260425692379080347
0.14772908363274287 5429129.233604947558 65256.532081109995 35.38398881219698711
0.18439088914585774 2274399.0942498296515 1113057.7322284505 51.474975991089478047
0.23015102486200073 838909.699096178626 907227.2456541813 70.181873681498509104
0.28726741592492194 354192.14948884470812 111547.29449509288 81.749202454670122475
0.3585583349092749 461096.90542601639905 967151.5470367229 96.14495748303765914
0.44754146278292933 381910.4959612088856 425874.1666388903 112.09182363910142671
