k ps_3d err_sample_variance err_thermal_noise
0.07597061462993654 -63.32319795345867932 0.06386155192296916 63.329683464710291193
0.0948241797491695 -124.184341936221036305 0.20650595802938648 124.26752503404710016
0.1183566186597577 -211.83809131943904322 0.47916852517085556 212.06747271811373516
0.14772908363274287 -298.1018522126844448 0.48547594106596803 342.67765243048567755
0.18439088914585774 -368.30529601899276254 1.4486382619187355 520.74630095739005897
0.23015102486200073 -305.07596254872771585 3.383134416331123 712.54358192945984984
0.28726741592492194 -85.8178455228494097 4.972873221698235 839.2044211913457237
0.3585583349092749 41.894146160133572454 4.2476551921746655 953.5739390963966268
0.44754146278292933 0.955473614349701017 3.549036695571429 1123.8217834084650056
