k_par k_perp ps_2d err_sample_variance err_thermal_noise
0.06985973156544303 0.051028 18873.754185088346 142190.21449122537 2.8006467351224273
0.06985973156544303 0.058283999999999996 22109.13177297845 85538.0770920093 2.827579392942756
0.06985973156544303 0.06554 10962.22779540213 83172.31043296933 2.8893983739671176
0.06985973156544303 0.072796 7092.68637605333 53166.91149935899 3.3559431966540276
0.06985973156544303 0.080052 9015.067359973787 31484.538270611523 2.6532843915373086
0.06985973156544303 0.087308 5292.6970504495175 28371.792907482166 3.192452246853178
0.06985973156544303 0.09456400000000001 5607.471983457307 20343.84939138136 2.3779837787216924
0.06985973156544303 0.10182 3486.2514096794202 19607.851608077322 2.6092120550715157
0.06985973156544303 0.109076 2694.4161421414046 16331.800933082588 2.1398932786186697
0.06985973156544303 0.11633199999999999 1404.604135615895 8505.087958583863 2.1381709229493584
0.06985973156544303 0.123588 1485.237157037588 8859.216519899608 2.054636941747039
0.06985973156544303 0.13084400000000002 1140.4373757126637 6650.936466642646 2.0187012443271395
0.06985973156544303 0.1381 822.8093536248952 3602.8117799266383 1.6724036006221117
0.06985973156544303 0.145356 842.1542178418397 3411.107620864243 1.696790764032135
0.06985973156544303 0.152612 616.091663021139 2474.0989957689917 1.2858129598324395
0.06985973156544303 0.159868 608.5136753927484 2779.940455330897 1.2819696145812294
0.06985973156544303 0.167124 509.87048334060734 1658.521146624241 1.2448362906805666
0.06985973156544303 0.17438 422.6460682161193 1336.8100227471025 1.2073958421074427
0.06985973156544303 0.18163600000000002 318.83888744011256 1546.8689333676884 1.2444111785007408
0.06985973156544303 0.188892 287.1179642958484 997.1508721762457 0.975362482684216
0.06985973156544303 0.196148 221.07171799104657 1339.6439451102808 0.796088637343169
0.06985973156544303 0.203404 136.83871312657416 690.66665045798 0.8136282355990261
0.06985973156544303 0.21066000000000001 102.61051566881072 428.3968999393881 0.6505949249686849
0.06985973156544303 0.217916 108.04428447068729 574.9991946914332 0.6173623246477347
0.06985973156544303 0.225172 89.01776652297926 404.76082611013595 0.6038818720043075
0.11322094426123525 0.051028 4428.436848070236 36396.171527592036 3.4330431209313437
0.11322094426123525 0.058283999999999996 5343.3201115516895 21879.915601418128 3.4375794359948486
0.11322094426123525 0.06554 2476.7935789218736 21270.054715363203 2.498352033096244
0.11322094426123525 0.072796 1528.7427531910248 13590.709932031212 2.7427083267008556
0.11322094426123525 0.080052 1865.4946133779129 8041.79505325796 2.5853926796559246
0.11322094426123525 0.087308 1035.0821910039867 7252.514504125008 2.5166956629750055
0.11322094426123525 0.09456400000000001 1011.4122469636122 5195.272475544975 2.6094804764610493
0.11322094426123525 0.10182 610.3647688036403 5004.1500199742895 2.3225965871145795
0.11322094426123525 0.109076 429.18164654766514 4174.068220525394 2.1288610051914083
0.11322094426123525 0.11633199999999999 202.76843017563317 2172.4923376371794 2.153073274042173
0.11322094426123525 0.123588 237.9843029716567 2260.679262888658 2.0968748925213694
0.11322094426123525 0.13084400000000002 176.4782945286918 1700.224791187819 1.753466701248951
0.11322094426123525 0.1381 136.45774186646437 920.0477952282366 1.6343867093629132
0.11322094426123525 0.145356 136.2007887203595 872.332755788879 1.6597192230760713
0.11322094426123525 0.152612 111.92248557528144 631.0027296516276 1.454701460109566
0.11322094426123525 0.159868 91.58236577142584 710.0149068017944 1.4506711657301996
0.11322094426123525 0.167124 81.60173251865889 421.479911558971 1.2936933502958332
0.11322094426123525 0.17438 68.76247716135316 341.4352934283835 1.195105353866257
0.11322094426123525 0.18163600000000002 57.772862033923225 394.630258086614 1.1295250049004188
0.11322094426123525 0.188892 59.57343094245438 254.30925758546866 0.9910484487423673
0.11322094426123525 0.196148 46.93105520727796 344.246820399468 0.9973687595267895
0.11322094426123525 0.203404 39.66037488469423 175.99505906621516 0.8585081759001568
0.11322094426123525 0.21066000000000001 36.50303733801433 109.90906054948269 0.6182682392851123
0.11322094426123525 0.217916 38.38106923905104 149.7553722505021 0.6096845000455202
0.11322094426123525 0.225172 34.322972710348964 103.62179540616901 0.5963780517003838
0.15658215695702749 0.051028 2009.122962156141 100.9486723109819 2.9732618121626344
0.15658215695702749 0.058283999999999996 2453.383644407468 104.42284676723828 3.0219071883873103
0.15658215695702749 0.06554 1130.7012067456503 67.18508567269225 2.8937730855186996
0.15658215695702749 0.072796 684.8946192505257 35.45859684172105 3.1108544078409013
0.15658215695702749 0.080052 840.5562098976984 59.71735819973904 3.117173079326749
0.15658215695702749 0.087308 462.1747919636369 24.38336308925575 2.537785151804391
0.15658215695702749 0.09456400000000001 445.5937820286487 22.860134866996344 2.4522891551695607
0.15658215695702749 0.10182 267.20894042560803 16.204896387506448 2.653617002445066
0.15658215695702749 0.109076 184.70865917183366 14.839606321068072 2.3603366710330276
0.15658215695702749 0.11633199999999999 86.12799614261023 4.412303645076958 2.352327826723922
0.15658215695702749 0.123588 96.97481702308554 4.973480252305747 2.2631794231673403
0.15658215695702749 0.13084400000000002 62.85906967530766 3.70684268991805 2.023614461275859
0.15658215695702749 0.1381 49.2227133066672 2.447000818543726 1.9643714254852966
0.15658215695702749 0.145356 45.8035256257471 1.9699436455538506 1.4959695809756088
0.15658215695702749 0.152612 31.03609282463689 1.8648573527631385 1.5851733250162572
0.15658215695702749 0.159868 23.80222518812792 1.1443964393639223 1.3572370462383045
0.15658215695702749 0.167124 18.087418865636526 1.2593618806557403 1.4831805813988341
0.15658215695702749 0.17438 16.031388492497168 1.265970555998653 1.1686946729726226
0.15658215695702749 0.18163600000000002 9.592053095673005 1.3071981515999507 1.161126324727397
0.15658215695702749 0.188892 8.815216609289559 0.98082701485534 0.9809275205523051
0.15658215695702749 0.196148 7.313812785548511 0.7645461589850758 0.8857974775555115
0.15658215695702749 0.203404 6.001868769952881 0.49691171811773627 0.729548742141227
0.15658215695702749 0.21066000000000001 5.332901316582002 0.48525843036191324 0.649904726635687
0.15658215695702749 0.217916 5.135422651684674 0.6108159602751636 0.6561393670372964
0.15658215695702749 0.225172 4.897124436410385 0.5326409997154958 0.5583706413217785
0.1999433696528197 0.051028 1191.6278037571487 9980.99857253725 3.2311844329202644
0.1999433696528197 0.058283999999999996 1454.6870299786258 6000.493943028132 3.0228662653826177
0.1999433696528197 0.06554 671.4816344250314 5832.028166408722 2.3223141266599945
0.1999433696528197 0.072796 407.32112712277524 3728.7627924438375 3.3011206121494374
0.1999433696528197 0.080052 499.0339225879179 2207.9351733912695 2.661834353543818
0.1999433696528197 0.087308 274.5019970863621 1985.728013164444 2.6962075648037023
0.1999433696528197 0.09456400000000001 265.4128595524089 1424.431009017099 2.268279538466923
0.1999433696528197 0.10182 158.26003502817312 1371.3577192798432 2.2988040609990197
0.1999433696528197 0.109076 109.40544617594298 1142.12267165269 1.9596785389318951
0.1999433696528197 0.11633199999999999 50.49450317093751 594.0316173970976 2.1005341820879644
0.1999433696528197 0.123588 57.450903063639686 618.2206554673857 2.059367760209747
0.1999433696528197 0.13084400000000002 36.76327195634732 465.5591499269063 1.8431629457070382
0.1999433696528197 0.1381 28.49388420202089 251.7034702648964 1.6291363472477174
0.1999433696528197 0.145356 26.547524314574236 238.7121783501987 1.4827742168551032
0.1999433696528197 0.152612 17.736644776189824 172.6853834841762 1.5902922381677567
0.1999433696528197 0.159868 13.433517019389523 193.73415858957017 1.5330299091873345
0.1999433696528197 0.167124 10.011872284738937 115.22036556874218 1.3784852040743913
0.1999433696528197 0.17438 8.788167999057839 93.43456963795857 1.239541434907218
0.1999433696528197 0.18163600000000002 4.854301161998552 107.40102422355199 1.1098690359387546
0.1999433696528197 0.188892 4.466866706698087 69.47975427198163 0.9776549588651742
0.1999433696528197 0.196148 3.5014542632215697 93.71385626631088 0.8564021466986658
0.1999433696528197 0.203404 2.716474405473357 48.06723179254655 0.8739753566382282
0.1999433696528197 0.21066000000000001 2.333096595518187 29.89636517797257 0.6815690962490183
0.1999433696528197 0.217916 2.276876382711254 40.53318915671094 0.6089574157494617
0.1999433696528197 0.225172 2.126497578447052 28.239584418929578 0.5152719840172619
0.24330458234861194 0.051028 816.3296420219494 6844.457167405681 3.577800586776759
0.24330458234861194 0.058283999999999996 996.0070934560612 4114.791445067837 3.2653723859720314
0.24330458234861194 0.06554 459.17960538626454 3999.493936696812 2.3049972396262963
0.24330458234861194 0.072796 278.68788038848237 2556.716658919728 3.5153884086301366
0.24330458234861194 0.080052 341.7221504465218 1513.4069606026312 2.8016421853238715
0.24330458234861194 0.087308 187.7688053952516 1362.356790067674 2.6325410569170073
0.24330458234861194 0.09456400000000001 181.45632683233538 976.8312034511207 2.591710781612971
0.24330458234861194 0.10182 108.2397002713578 940.4771183573382 2.535244486812088
0.24330458234861194 0.109076 74.33158400674743 783.7858929969998 2.0867021371029897
0.24330458234861194 0.11633199999999999 34.52615073236866 407.61161228746414 2.147225874888439
0.24330458234861194 0.123588 39.10812566529912 424.3444311680832 1.963897588292277
0.24330458234861194 0.13084400000000002 25.030446101391757 319.4013538184292 1.882721226084702
0.24330458234861194 0.1381 19.29571465112728 172.6732011349333 1.742889799522415
0.24330458234861194 0.145356 18.01841562128937 163.76135632579332 1.571033785461468
0.24330458234861194 0.152612 11.987443600571513 118.45400892651547 1.4626773505986326
0.24330458234861194 0.159868 9.052729209021955 132.94531981750785 1.3805602318780872
0.24330458234861194 0.167124 6.706029291017595 79.03854674113435 1.4147162271602327
0.24330458234861194 0.17438 5.904439620200686 64.09195591964034 1.187531481206898
0.24330458234861194 0.18163600000000002 3.209762012817258 73.72862629735272 0.9598187535424726
0.24330458234861194 0.188892 2.9423608649834225 47.6851487803165 0.9447598532204413
0.24330458234861194 0.196148 2.2941860830859557 64.33534108152361 0.9855779988363321
0.24330458234861194 0.203404 1.7647203715995987 32.99325647312231 0.7828427024018003
0.24330458234861194 0.21066000000000001 1.5143417049640584 20.519838455769722 0.6597578625700258
0.24330458234861194 0.217916 1.4595036326784983 27.824192726030173 0.5746180178730411
0.24330458234861194 0.225172 1.3654661680350966 19.3714805234478 0.5695270073996218
0.28666579504440415 0.051028 618.4043892900888 31.085323862000738 2.9430641425332347
0.28666579504440415 0.058283999999999996 753.9823201510909 32.18435938059266 2.8232051119160713
0.28666579504440415 0.06554 347.56327040728104 20.724965375410424 3.3995425537957447
0.28666579504440415 0.072796 210.9905971483985 10.792071054299505 2.9604483817101404
0.28666579504440415 0.080052 258.7963264010829 18.352123544014614 3.2111551469471307
0.28666579504440415 0.087308 142.2631372192634 7.467601880421115 2.750065342954068
0.28666579504440415 0.09456400000000001 137.46196710938213 6.978919420501691 2.1541789617163167
0.28666579504440415 0.10182 81.96219306443236 4.941147534370573 2.3732573854342465
0.28666579504440415 0.109076 56.14112814619087 4.473176384424395 2.296341652848891
0.28666579504440415 0.11633199999999999 26.164042133192627 1.3366478184543185 2.1643805024374765
0.28666579504440415 0.123588 29.58515133708893 1.4458259791960428 1.914739642990753
0.28666579504440415 0.13084400000000002 18.891329692663884 1.0991983297288896 1.8242693704857131
0.28666579504440415 0.1381 14.519982650407904 0.6842879967667511 1.8453824782493309
0.28666579504440415 0.145356 13.593542610622924 0.5739951301044394 1.5750101086110164
0.28666579504440415 0.152612 8.996779249117983 0.48994954729635837 1.4349922761231715
0.28666579504440415 0.159868 6.797357043996196 0.3321740145686705 1.7204380438442488
0.28666579504440415 0.167124 5.015808463029048 0.29940910636319973 1.2169693985597405
0.28666579504440415 0.17438 4.425518823601715 0.3339420692936983 1.157627764070876
0.28666579504440415 0.18163600000000002 2.380126322520612 0.32649629250621615 1.0480989361969897
0.28666579504440415 0.188892 2.18313005294433 0.20733027055037567 1.1549764792180481
0.28666579504440415 0.196148 1.704057845626914 0.20444810222215665 0.7433703021356156
0.28666579504440415 0.203404 1.3165211037855684 0.11618456268489129 0.8082785357880606
0.28666579504440415 0.21066000000000001 1.1300575894971772 0.10858036753954393 0.7380058989678319
0.28666579504440415 0.217916 1.0732411516877598 0.16099207513109828 0.6043013671135953
0.28666579504440415 0.225172 1.0075100552983796 0.12512617448606347 0.6326380315918216
0.33002700774019633 0.051028 504.11282254441176 4220.578520359271 3.012143765135031
0.33002700774019633 0.058283999999999996 614.2767709692661 2537.436242792769 3.4859876481562178
0.33002700774019633 0.06554 283.3001819075514 2466.1300674641716 2.948318191564834
0.33002700774019633 0.072796 172.08124658677923 1576.6726045396813 2.8559323360449542
0.33002700774019633 0.080052 211.07355335140969 933.5016731619476 2.3739198010973634
0.33002700774019633 0.087308 116.00217790177054 839.847577212171 2.3380568628546907
0.33002700774019633 0.09456400000000001 112.1027491886312 602.3115496054952 2.52400100149434
0.33002700774019633 0.10182 66.84453615049678 579.9133415916656 2.1186910036598823
0.33002700774019633 0.109076 45.75413998576681 483.15229476070016 1.971650430838904
0.33002700774019633 0.11633199999999999 21.330883313271553 251.25877796879755 2.611905758126846
0.33002700774019633 0.123588 24.112245178768024 261.5613538318199 1.9160587425238542
0.33002700774019633 0.13084400000000002 15.398385694984558 196.8917465724194 1.8479518665211094
0.33002700774019633 0.1381 11.798171075032078 106.44619143185123 1.8672207032525945
0.33002700774019633 0.145356 11.054238688812433 100.94492749341651 1.7494333428884932
0.33002700774019633 0.152612 7.2984047157039615 73.03113804218768 1.6230499217309171
0.33002700774019633 0.159868 5.5351615764439055 81.93771763530499 1.2817028341627232
0.33002700774019633 0.167124 4.055988082553931 48.73217908158232 1.3418342634154372
0.33002700774019633 0.17438 3.582929312348195 39.51523546463415 1.1875838287368077
0.33002700774019633 0.18163600000000002 1.9039486016352638 45.43827122191233 1.158773226239002
0.33002700774019633 0.188892 1.750413241205782 29.396748929320083 1.0657782274820082
0.33002700774019633 0.196148 1.364411107715464 39.639050714490054 0.9035616699478877
0.33002700774019633 0.203404 1.0544108166596617 20.340642836672796 0.8317558153547023
0.33002700774019633 0.21066000000000001 0.8983523984033409 12.646964935269601 0.6900419547471333
0.33002700774019633 0.217916 0.8485718608853037 17.141072460673076 0.6555541034286522
0.33002700774019633 0.225172 0.7978077048900929 11.941007644783069 0.5771277174858798
0.3733882204359886 0.051028 435.79350396977316 3652.99560536789 2.891286985691343
0.3733882204359886 0.058283999999999996 531.8365607847824 2196.0880429854974 3.192204555581239
0.3733882204359886 0.06554 245.2056726908977 2134.5045692330914 2.3997934367507696
0.3733882204359886 0.072796 148.74614770017206 1364.6280662343327 2.2623316068750094
0.3733882204359886 0.080052 182.53351446898398 807.8146120678922 2.0968853763327933
0.3733882204359886 0.087308 100.31166680004192 727.009460435378 2.9415819801028764
0.3733882204359886 0.09456400000000001 97.18492008125006 521.3168888534798 2.2119575540935226
0.3733882204359886 0.10182 57.8650052502892 501.9317481906385 2.3042994661373086
0.3733882204359886 0.109076 39.77310182188336 418.2484704758237 2.266545586077823
0.3733882204359886 0.11633199999999999 18.444127655234784 217.52008829756218 2.096358504400188
0.3733882204359886 0.123588 20.88919579843346 226.43904571166135 2.0261480967609353
0.3733882204359886 0.13084400000000002 13.39292121422995 170.4338627990053 1.9768614028557212
0.3733882204359886 0.1381 10.251649440652338 92.13778826881935 1.6645171154903857
0.3733882204359886 0.145356 9.655830726207451 87.38482236881002 1.7032519661381151
0.3733882204359886 0.152612 6.355718426831053 63.21048184355836 1.5426855858970892
0.3733882204359886 0.159868 4.805451019508186 70.94404612200059 1.3706916412359038
0.3733882204359886 0.167124 3.548363357342247 42.17929658033451 1.4079537805398636
0.3733882204359886 0.17438 3.1027782839748466 34.202036862201474 1.1529285272193421
0.3733882204359886 0.18163600000000002 1.652378468609387 39.34567018632674 1.1067827634392486
0.3733882204359886 0.188892 1.5197647649315393 25.44105552949959 0.9863694565274205
0.3733882204359886 0.196148 1.185604693656069 34.32985874163311 0.9464274243939091
0.3733882204359886 0.203404 0.8958941429327474 17.601944331182253 0.753198318754431
0.3733882204359886 0.21066000000000001 0.7676435699191677 10.948927573437135 0.6736417478411929
0.3733882204359886 0.217916 0.742302393197593 14.842935843314782 0.5964037303162341
0.3733882204359886 0.225172 0.6897347369955359 10.336641143950253 0.5972476316693366
0.4167494331317808 0.051028 397.0256624115598 19.97281723685849 3.305822818760613
0.4167494331317808 0.058283999999999996 484.64475338003865 20.614016772716045 3.11414179995402
0.4167494331317808 0.06554 223.64613613381735 13.267583640491038 3.1289388295870437
0.4167494331317808 0.072796 135.63285780897564 6.9534736135053405 3.072469052475165
0.4167494331317808 0.080052 166.20089793622495 11.72752181667434 2.807907820278779
0.4167494331317808 0.087308 91.46393983840056 4.785590029284206 2.7686327159840878
0.4167494331317808 0.09456400000000001 88.56327714022052 4.477052853842484 2.164839209259068
0.4167494331317808 0.10182 52.6461356599953 3.1508427253986735 2.491977420176328
0.4167494331317808 0.109076 36.4170936289824 2.882503807410161 2.230978446106227
0.4167494331317808 0.11633199999999999 16.73882821391824 0.8532306956850385 2.0112895980483803
0.4167494331317808 0.123588 19.098194054970055 0.9341206477774229 2.056196738497175
0.4167494331317808 0.13084400000000002 12.129195889047116 0.6989346104170027 1.9865886766428469
0.4167494331317808 0.1381 9.355284363132581 0.43802526404112574 1.8230732721685154
0.4167494331317808 0.145356 8.744962268117673 0.37074096020692804 1.738939225336814
0.4167494331317808 0.152612 5.754183788619551 0.31241406939390903 1.5659156101694527
0.4167494331317808 0.159868 4.368509569487797 0.21687429157923815 1.4275948149764812
0.4167494331317808 0.167124 3.217006336048952 0.18866238070260313 1.3041142226188798
0.4167494331317808 0.17438 2.8210206844169936 0.210550912438525 1.0846129478754218
0.4167494331317808 0.18163600000000002 1.4938244660276259 0.20461219763783092 1.218763966057136
0.4167494331317808 0.188892 1.37421488606561 0.1272268076870238 0.891435051458366
0.4167494331317808 0.196148 1.0785132343141257 0.13157358878029182 0.9756733202944462
0.4167494331317808 0.203404 0.8182620833700005 0.07108118633590033 0.8111654667875076
0.4167494331317808 0.21066000000000001 0.6938657188060599 0.06576856444542512 0.7695785786857675
0.4167494331317808 0.217916 0.6715634314947344 0.10255240317750111 0.5997766092508185
0.4167494331317808 0.225172 0.6270037752429446 0.07726849477496801 0.5501835764130965
0.46011064582757305 0.051028 380.15760025936123 3184.3217267721834 2.6865988059802666
0.46011064582757305 0.058283999999999996 463.82514626885404 1914.2975396471315 3.0375254684106703
0.46011064582757305 0.06554 214.02941929620908 1860.54276774996 3.0299872817210955
0.46011064582757305 0.072796 129.88374548794138 1189.3727890481457 2.38756748856794
0.46011064582757305 0.080052 159.10236876271392 704.1943427114701 2.8280119270272555
0.46011064582757305 0.087308 87.50153913866764 633.6569664034974 2.242930219764995
0.46011064582757305 0.09456400000000001 84.51292976609119 454.3705768388387 2.431782494666396
0.46011064582757305 0.10182 50.32340592401312 437.48726889427405 2.459403129597275
0.46011064582757305 0.109076 34.62134690742956 364.54491905461305 2.4332468106907297
0.46011064582757305 0.11633199999999999 16.025454713382924 189.59252265653768 1.9390361786289658
0.46011064582757305 0.123588 18.21220764822471 197.36073269334526 2.1721574595944095
0.46011064582757305 0.13084400000000002 11.524717568761767 148.57465634730457 1.758390047870356
0.46011064582757305 0.1381 8.905169612853081 80.31075225559061 1.7174243746938793
0.46011064582757305 0.145356 8.28352687027457 76.1643971144663 1.574490685752801
0.46011064582757305 0.152612 5.465555337690501 55.09607289427129 1.3673919326495052
0.46011064582757305 0.159868 4.143133684764782 61.81689651044777 1.401864853044747
0.46011064582757305 0.167124 3.039393932080844 36.77006574363857 1.1838575061049377
0.46011064582757305 0.17438 2.692762239299752 29.81756024505525 0.9770495958145465
0.46011064582757305 0.18163600000000002 1.4262111315393824 34.28930272542784 1.0889133920297565
0.46011064582757305 0.188892 1.304602705375635 22.187849707366887 1.0047080888619853
0.46011064582757305 0.196148 1.0282272972248225 29.91219673809405 0.9062513197736506
0.46011064582757305 0.203404 0.7955450603754868 15.352075094626038 0.7982347070855994
0.46011064582757305 0.21066000000000001 0.6741373585714029 9.545176650719624 0.700778224819646
0.46011064582757305 0.217916 0.6369247850936907 12.935380343490069 0.5959643897496198
0.46011064582757305 0.225172 0.6011926361737479 9.010892079327736 0.5579016434022155
