k ps_3d err_sample_variance err_thermal_noise
0.07597061462993654 16905677.989020486504 382415.8635128213 63.329683464710291193
0.0948241797491695 15834934.438346104801 2668335.483329691 124.26752503404710016
0.1183566186597577 7169537.2387287737524 306513.08961885836 212.06747271811373516
0.14772908363274287 5430002.7951778340002 65252.618288169106 342.67765243048567755
0.18439088914585774 2274653.8403205122897 1113207.4122330365 520.74630095739005897
0.23015102486200073 838584.2936532360492 907390.9520142368 712.54358192945984984
0.28726741592492194 354438.39748053729528 111531.60206522928 839.2044211913457237
0.3585583349092749 461393.58600936588695 967040.4990825376 953.5739390963966268
0.44754146278292933 382571.54582561995412 425954.1758152693 1123.8217834084650056
