k ps_3d err_sample_variance
0.07597061462993654 63.329683464710291193 0.729109473288403
0.0948241797491695 124.26752503404710016 0.9380176692741569
0.1183566186597577 212.06747271811373516 1.11440536642575
0.14772908363274287 342.67765243048567755 1.4871703091681368
0.18439088914585774 520.74630095739005897 1.9498198802751812
0.23015102486200073 712.54358192945984984 1.9921958593984441
0.28726741592492194 839.2044211913457237 2.446467354116859
0.3585583349092749 953.5739390963966268 2.6750552752132797
0.44754146278292933 1123.8217834084650056 2.8837928022564316
