k_par k_perp ps_2d err_sample_variance
0.06985973156544303 0.051028 2.8006467351224273 0.0794294100395668
0.06985973156544303 0.058283999999999996 2.827579392942756 0.07719594301148278
0.06985973156544303 0.06554 2.8893983739671176 0.06423184588208485
0.06985973156544303 0.072796 3.3559431966540276 0.06317883688076927
0.06985973156544303 0.080052 2.6532843915373086 0.05079455095699017
0.06985973156544303 0.087308 3.192452246853178 0.046376794802081914
0.06985973156544303 0.09456400000000001 2.3779837787216924 0.04701452089508984
0.06985973156544303 0.10182 2.6092120550715157 0.04835860576125719
0.06985973156544303 0.109076 2.1398932786186697 0.040416704471723734
0.06985973156544303 0.11633199999999999 2.1381709229493584 0.04610259349182122
0.06985973156544303 0.123588 2.054636941747039 0.035310351370305214
0.06985973156544303 0.13084400000000002 2.0187012443271395 0.030338136741579237
0.06985973156544303 0.1381 1.6724036006221117 0.029799119769698464
0.06985973156544303 0.145356 1.696790764032135 0.03336893939045665
0.06985973156544303 0.152612 1.2858129598324395 0.025238022926240878
0.06985973156544303 0.159868 1.2819696145812294 0.025163439463584108
0.06985973156544303 0.167124 1.2448362906805666 0.019342340122850528
0.06985973156544303 0.17438 1.2073958421074427 0.015390733429824131
0.06985973156544303 0.18163600000000002 1.2444111785007408 0.021193249726230247
0.06985973156544303 0.188892 0.975362482684216 0.013320778851948187
0.06985973156544303 0.196148 0.796088637343169 0.010896306979085757
0.06985973156544303 0.203404 0.8136282355990261 0.011885170328115596
0.06985973156544303 0.21066000000000001 0.6505949249686849 0.012615728400103719
0.06985973156544303 0.217916 0.6173623246477347 0.007979589389883539
0.06985973156544303 0.225172 0.6038818720043075 0.010231209832630917
0.11322094426123525 0.051028 3.4330431209313437 0.08223135931303241
0.11322094426123525 0.058283999999999996 3.4375794359948486 0.1009408897556404
0.11322094426123525 0.06554 2.498352033096244 0.08974584302744129
0.11322094426123525 0.072796 2.7427083267008556 0.08308341819732672
0.11322094426123525 0.080052 2.5853926796559246 0.06402388570844347
0.11322094426123525 0.087308 2.5166956629750055 0.049943199613211586
0.11322094426123525 0.09456400000000001 2.6094804764610493 0.051900505806137726
0.11322094426123525 0.10182 2.3225965871145795 0.04456081180190184
0.11322094426123525 0.109076 2.1288610051914083 0.04059963994660818
0.11322094426123525 0.11633199999999999 2.153073274042173 0.036584591759836665
0.11322094426123525 0.123588 2.0968748925213694 0.04144854497894205
0.11322094426123525 0.13084400000000002 1.753466701248951 0.032476549799636184
0.11322094426123525 0.1381 1.6343867093629132 0.033817302514543575
0.11322094426123525 0.145356 1.6597192230760713 0.030191499080766567
0.11322094426123525 0.152612 1.454701460109566 0.02109320389339982
0.11322094426123525 0.159868 1.4506711657301996 0.026045136058407987
0.11322094426123525 0.167124 1.2936933502958332 0.021652089555511053
0.11322094426123525 0.17438 1.195105353866257 0.026904136533039504
0.11322094426123525 0.18163600000000002 1.1295250049004188 0.018596261195811484
0.11322094426123525 0.188892 0.9910484487423673 0.017040705826514704
0.11322094426123525 0.196148 0.9973687595267895 0.013215583178911739
0.11322094426123525 0.203404 0.8585081759001568 0.010203986931145315
0.11322094426123525 0.21066000000000001 0.6182682392851123 0.010313876120664351
0.11322094426123525 0.217916 0.6096845000455202 0.010305611881419619
0.11322094426123525 0.225172 0.5963780517003838 0.008552499453561365
0.15658215695702749 0.051028 2.9732618121626344 0.07639546097131464
0.15658215695702749 0.058283999999999996 3.0219071883873103 0.06282797658386073
0.15658215695702749 0.06554 2.8937730855186996 0.07041573886756382
0.15658215695702749 0.072796 3.1108544078409013 0.0709240907886514
0.15658215695702749 0.080052 3.117173079326749 0.07761512671692598
0.15658215695702749 0.087308 2.537785151804391 0.047639672946985366
0.15658215695702749 0.09456400000000001 2.4522891551695607 0.03865246333961628
0.15658215695702749 0.10182 2.653617002445066 0.05939617570288795
0.15658215695702749 0.109076 2.3603366710330276 0.0530795178307007
0.15658215695702749 0.11633199999999999 2.352327826723922 0.054563083106870046
0.15658215695702749 0.123588 2.2631794231673403 0.03565932317383432
0.15658215695702749 0.13084400000000002 2.023614461275859 0.036891192337424224
0.15658215695702749 0.1381 1.9643714254852966 0.03714992253432323
0.15658215695702749 0.145356 1.4959695809756088 0.024467433399012636
0.15658215695702749 0.152612 1.5851733250162572 0.02131994901492672
0.15658215695702749 0.159868 1.3572370462383045 0.022098063121067473
0.15658215695702749 0.167124 1.4831805813988341 0.0293928278506496
0.15658215695702749 0.17438 1.1686946729726226 0.020326758052998186
0.15658215695702749 0.18163600000000002 1.161126324727397 0.01766575445568897
0.15658215695702749 0.188892 0.9809275205523051 0.012067118258983328
0.15658215695702749 0.196148 0.8857974775555115 0.014947657319535942
0.15658215695702749 0.203404 0.729548742141227 0.013559018028107345
0.15658215695702749 0.21066000000000001 0.649904726635687 0.010524900068799884
0.15658215695702749 0.217916 0.6561393670372964 0.006243185851483662
0.15658215695702749 0.225172 0.5583706413217785 0.007605282323128508
0.1999433696528197 0.051028 3.2311844329202644 0.0902776440952694
0.1999433696528197 0.058283999999999996 3.0228662653826177 0.08173359895811555
0.1999433696528197 0.06554 2.3223141266599945 0.06445989927145757
0.1999433696528197 0.072796 3.3011206121494374 0.07429181314355118
0.1999433696528197 0.080052 2.661834353543818 0.057368759529749465
0.1999433696528197 0.087308 2.6962075648037023 0.04806996986503016
0.1999433696528197 0.09456400000000001 2.268279538466923 0.03570931297696923
0.1999433696528197 0.10182 2.2988040609990197 0.04396751004342616
0.1999433696528197 0.109076 1.9596785389318951 0.047066064960729216
0.1999433696528197 0.11633199999999999 2.1005341820879644 0.05003202730533721
0.1999433696528197 0.123588 2.059367760209747 0.038980033888468685
0.1999433696528197 0.13084400000000002 1.8431629457070382 0.0337953551922095
0.1999433696528197 0.1381 1.6291363472477174 0.020093019813814287
0.1999433696528197 0.145356 1.4827742168551032 0.0280284866681169
0.1999433696528197 0.152612 1.5902922381677567 0.02762775834507181
0.1999433696528197 0.159868 1.5330299091873345 0.02399654918386227
0.1999433696528197 0.167124 1.3784852040743913 0.024801512366093553
0.1999433696528197 0.17438 1.239541434907218 0.017442421574243274
0.1999433696528197 0.18163600000000002 1.1098690359387546 0.020585322335088925
0.1999433696528197 0.188892 0.9776549588651742 0.013996658357273692
0.1999433696528197 0.196148 0.8564021466986658 0.010851670255557158
0.1999433696528197 0.203404 0.8739753566382282 0.011156448050008516
0.1999433696528197 0.21066000000000001 0.6815690962490183 0.00903605284856843
0.1999433696528197 0.217916 0.6089574157494617 0.008628995988208195
0.1999433696528197 0.225172 0.5152719840172619 0.00904753317533114
0.24330458234861194 0.051028 3.577800586776759 0.07484476947356175
0.24330458234861194 0.058283999999999996 3.2653723859720314 0.11409902212189026
0.24330458234861194 0.06554 2.3049972396262963 0.06231068529114924
0.24330458234861194 0.072796 3.5153884086301366 0.07236602902132272
0.24330458234861194 0.080052 2.8016421853238715 0.08541640773858926
0.24330458234861194 0.087308 2.6325410569170073 0.05880690134007137
0.24330458234861194 0.09456400000000001 2.591710781612971 0.047873697305239944
0.24330458234861194 0.10182 2.535244486812088 0.050234202412885655
0.24330458234861194 0.109076 2.0867021371029897 0.045960815132989274
0.24330458234861194 0.11633199999999999 2.147225874888439 0.052962248426044266
0.24330458234861194 0.123588 1.963897588292277 0.04267891044968232
0.24330458234861194 0.13084400000000002 1.882721226084702 0.04056843356347265
0.24330458234861194 0.1381 1.742889799522415 0.030976110618032033
0.24330458234861194 0.145356 1.571033785461468 0.024783744563857114
0.24330458234861194 0.152612 1.4626773505986326 0.019714759248995184
0.24330458234861194 0.159868 1.3805602318780872 0.022685106941872982
0.24330458234861194 0.167124 1.4147162271602327 0.026151782749712287
0.24330458234861194 0.17438 1.187531481206898 0.022273560764732466
0.24330458234861194 0.18163600000000002 0.9598187535424726 0.017783449096127505
0.24330458234861194 0.188892 0.9447598532204413 0.015268624432713696
0.24330458234861194 0.196148 0.9855779988363321 0.013279525188671303
0.24330458234861194 0.203404 0.7828427024018003 0.01080920835966658
0.24330458234861194 0.21066000000000001 0.6597578625700258 0.012247880633353057
0.24330458234861194 0.217916 0.5746180178730411 0.007696063487560889
0.24330458234861194 0.225172 0.5695270073996218 0.007480919492660585
0.28666579504440415 0.051028 2.9430641425332347 0.06400184341056274
0.28666579504440415 0.058283999999999996 2.8232051119160713 0.09496147250009662
0.28666579504440415 0.06554 3.3995425537957447 0.10888396114668723
0.28666579504440415 0.072796 2.9604483817101404 0.06495211398417305
0.28666579504440415 0.080052 3.2111551469471307 0.07812315663083247
0.28666579504440415 0.087308 2.750065342954068 0.06658547889210306
0.28666579504440415 0.09456400000000001 2.1541789617163167 0.05868115797492245
0.28666579504440415 0.10182 2.3732573854342465 0.047237816985987745
0.28666579504440415 0.109076 2.296341652848891 0.04504900403535368
0.28666579504440415 0.11633199999999999 2.1643805024374765 0.042668470106792
0.28666579504440415 0.123588 1.914739642990753 0.03193541541455964
0.28666579504440415 0.13084400000000002 1.8242693704857131 0.033534280186331686
0.28666579504440415 0.1381 1.8453824782493309 0.028291541272592563
0.28666579504440415 0.145356 1.5750101086110164 0.022325400010866647
0.28666579504440415 0.152612 1.4349922761231715 0.021071737320301914
0.28666579504440415 0.159868 1.7204380438442488 0.02479407824674773
0.28666579504440415 0.167124 1.2169693985597405 0.017907959830504448
0.28666579504440415 0.17438 1.157627764070876 0.01720073209086365
0.28666579504440415 0.18163600000000002 1.0480989361969897 0.018884801404069822
0.28666579504440415 0.188892 1.1549764792180481 0.018649338842119303
0.28666579504440415 0.196148 0.7433703021356156 0.015119117852083266
0.28666579504440415 0.203404 0.8082785357880606 0.014777513274058827
0.28666579504440415 0.21066000000000001 0.7380058989678319 0.0075251389245881645
0.28666579504440415 0.217916 0.6043013671135953 0.005986703725293452
0.28666579504440415 0.225172 0.6326380315918216 0.008478529726621713
0.33002700774019633 0.051028 3.012143765135031 0.08659698676826792
0.33002700774019633 0.058283999999999996 3.4859876481562178 0.07005147472900743
0.33002700774019633 0.06554 2.948318191564834 0.06761491427009492
0.33002700774019633 0.072796 2.8559323360449542 0.08146059357153088
0.33002700774019633 0.080052 2.3739198010973634 0.07580527253225261
0.33002700774019633 0.087308 2.3380568628546907 0.0645229588631022
0.33002700774019633 0.09456400000000001 2.52400100149434 0.05441819203100108
0.33002700774019633 0.10182 2.1186910036598823 0.03756267563566422
0.33002700774019633 0.109076 1.971650430838904 0.04042528221175152
0.33002700774019633 0.11633199999999999 2.611905758126846 0.048891468095997946
0.33002700774019633 0.123588 1.9160587425238542 0.03900590663485624
0.33002700774019633 0.13084400000000002 1.8479518665211094 0.03582233377436886
0.33002700774019633 0.1381 1.8672207032525945 0.03471143573219075
0.33002700774019633 0.145356 1.7494333428884932 0.030053167423076902
0.33002700774019633 0.152612 1.6230499217309171 0.02403973908527883
0.33002700774019633 0.159868 1.2817028341627232 0.023701228729901606
0.33002700774019633 0.167124 1.3418342634154372 0.02224385418352961
0.33002700774019633 0.17438 1.1875838287368077 0.021090065236590558
0.33002700774019633 0.18163600000000002 1.158773226239002 0.01955733948166101
0.33002700774019633 0.188892 1.0657782274820082 0.01670450030362513
0.33002700774019633 0.196148 0.9035616699478877 0.013827272928437535
0.33002700774019633 0.203404 0.8317558153547023 0.012890107754020304
0.33002700774019633 0.21066000000000001 0.6900419547471333 0.010065036221449993
0.33002700774019633 0.217916 0.6555541034286522 0.010240946647842898
0.33002700774019633 0.225172 0.5771277174858798 0.009462384170688102
0.3733882204359886 0.051028 2.891286985691343 0.10695652054978146
0.3733882204359886 0.058283999999999996 3.192204555581239 0.07316181760016661
0.3733882204359886 0.06554 2.3997934367507696 0.07508216236835133
0.3733882204359886 0.072796 2.2623316068750094 0.05886288110873659
0.3733882204359886 0.080052 2.0968853763327933 0.058054453792932066
0.3733882204359886 0.087308 2.9415819801028764 0.05654733586820707
0.3733882204359886 0.09456400000000001 2.2119575540935226 0.04208842364213055
0.3733882204359886 0.10182 2.3042994661373086 0.05423022676493185
0.3733882204359886 0.109076 2.266545586077823 0.053073257782968605
0.3733882204359886 0.11633199999999999 2.096358504400188 0.04299095902895689
0.3733882204359886 0.123588 2.0261480967609353 0.03296598602941093
0.3733882204359886 0.13084400000000002 1.9768614028557212 0.033805362832701163
0.3733882204359886 0.1381 1.6645171154903857 0.024758380258758008
0.3733882204359886 0.145356 1.7032519661381151 0.03637919235629157
0.3733882204359886 0.152612 1.5426855858970892 0.024024158196240354
0.3733882204359886 0.159868 1.3706916412359038 0.021253698503609655
0.3733882204359886 0.167124 1.4079537805398636 0.01853474275343601
0.3733882204359886 0.17438 1.1529285272193421 0.01633558623172789
0.3733882204359886 0.18163600000000002 1.1067827634392486 0.01971919019974207
0.3733882204359886 0.188892 0.9863694565274205 0.012680903627186796
0.3733882204359886 0.196148 0.9464274243939091 0.013146244855379172
0.3733882204359886 0.203404 0.753198318754431 0.011577118787726466
0.3733882204359886 0.21066000000000001 0.6736417478411929 0.009810717672467193
0.3733882204359886 0.217916 0.5964037303162341 0.009406462078100801
0.3733882204359886 0.225172 0.5972476316693366 0.006471186581671033
0.4167494331317808 0.051028 3.305822818760613 0.08392410469882111
0.4167494331317808 0.058283999999999996 3.11414179995402 0.07648287564936662
0.4167494331317808 0.06554 3.1289388295870437 0.09370448946122407
0.4167494331317808 0.072796 3.072469052475165 0.07018388604805702
0.4167494331317808 0.080052 2.807907820278779 0.05115295525877716
0.4167494331317808 0.087308 2.7686327159840878 0.06231368193898414
0.4167494331317808 0.09456400000000001 2.164839209259068 0.03502497150965558
0.4167494331317808 0.10182 2.491977420176328 0.04636057509323835
0.4167494331317808 0.109076 2.230978446106227 0.04830042107924077
0.4167494331317808 0.11633199999999999 2.0112895980483803 0.040186572722170924
0.4167494331317808 0.123588 2.056196738497175 0.03329996140711274
0.4167494331317808 0.13084400000000002 1.9865886766428469 0.03594439369778484
0.4167494331317808 0.1381 1.8230732721685154 0.03762962859714464
0.4167494331317808 0.145356 1.738939225336814 0.030512595881024476
0.4167494331317808 0.152612 1.5659156101694527 0.02632204858907092
0.4167494331317808 0.159868 1.4275948149764812 0.02078598903405208
0.4167494331317808 0.167124 1.3041142226188798 0.02160083116747753
0.4167494331317808 0.17438 1.0846129478754218 0.011178848544259929
0.4167494331317808 0.18163600000000002 1.218763966057136 0.01695383735181233
0.4167494331317808 0.188892 0.891435051458366 0.014185733405428433
0.4167494331317808 0.196148 0.9756733202944462 0.015035242852016635
0.4167494331317808 0.203404 0.8111654667875076 0.014422193349118198
0.4167494331317808 0.21066000000000001 0.7695785786857675 0.010413938928754049
0.4167494331317808 0.217916 0.5997766092508185 0.009255458246413372
0.4167494331317808 0.225172 0.5501835764130965 0.0078089383031542964
0.46011064582757305 0.051028 2.6865988059802666 0.0761109434641261
0.46011064582757305 0.058283999999999996 3.0375254684106703 0.09117887196004762
0.46011064582757305 0.06554 3.0299872817210955 0.051229487948800556
0.46011064582757305 0.072796 2.38756748856794 0.07941744675900045
0.46011064582757305 0.080052 2.8280119270272555 0.06346090744346632
0.46011064582757305 0.087308 2.242930219764995 0.06176409098317629
0.46011064582757305 0.09456400000000001 2.431782494666396 0.05388110973784435
0.46011064582757305 0.10182 2.459403129597275 0.05668064034677834
0.46011064582757305 0.109076 2.4332468106907297 0.04976270493782376
0.46011064582757305 0.11633199999999999 1.9390361786289658 0.044982436216807226
0.46011064582757305 0.123588 2.1721574595944095 0.040153513652223666
0.46011064582757305 0.13084400000000002 1.758390047870356 0.0349914642189081
0.46011064582757305 0.1381 1.7174243746938793 0.021152354395236984
0.46011064582757305 0.145356 1.574490685752801 0.030162547663724462
0.46011064582757305 0.152612 1.3673919326495052 0.019179958848572435
0.46011064582757305 0.159868 1.401864853044747 0.026883022501896787
0.46011064582757305 0.167124 1.1838575061049377 0.020534489547299997
0.46011064582757305 0.17438 0.9770495958145465 0.012722452632121746
0.46011064582757305 0.18163600000000002 1.0889133920297565 0.01694870434178018
0.46011064582757305 0.188892 1.0047080888619853 0.015216380306818308
0.46011064582757305 0.196148 0.9062513197736506 0.01577812499633469
0.46011064582757305 0.203404 0.7982347070855994 0.009544289385453007
0.46011064582757305 0.21066000000000001 0.700778224819646 0.010973269168245136
0.46011064582757305 0.217916 0.5959643897496198 0.008582389992063302
0.46011064582757305 0.225172 0.5579016434022155 0.007677514525056262
