k ps_3d err_sample_variance err_thermal_noise
0.07597061462993654 -654.4547144557762844 0.8366019569150029 654.8628752033062331
0.0948241797491695 -1153.9211312058575999 1.5074503272447068 1169.3860751931139028
0.1183566186597577 -2052.4943047544723909 2.8507397189152597 2083.846410775491085
0.14772908363274287 -2594.7885020810673526 7.444261403415697 3489.7164349810441446
0.18439088914585774 -2799.0434346542361064 14.51502459088674 5057.3897942919783715
0.23015102486200073 -2462.384120506067886 32.71992310309932 7109.750904981313644
0.28726741592492194 -1030.9152602083933115 32.22150121417292 8341.065762232655979
0.3585583349092749 -263.37880666318418488 29.74117479093328 9576.079550421182182
0.44754146278292933 -311.9284681413759337 31.392832964075268 11169.4804826485142275
