k ps_3d err_sample_variance err_thermal_noise
0.07597061462993654 16909382.673601012944 382173.2095609062 654.8628752033062331
0.0948241797491695 15835242.11530824911 2670593.677530157 1169.3860751931139028
0.1183566186597577 7167620.362106122606 306944.82246983016 2083.846410775491085
0.14772908363274287 5429169.8858319556393 65271.59827387844 3489.7164349810441446
0.18439088914585774 2274106.8893086139428 1112671.3695180553 5057.3897942919783715
0.23015102486200073 841646.57296538510144 906791.1416260512 7109.750904981313644
0.28726741592492194 354849.81320699741232 111543.48397846035 8341.065762232655979
0.3585583349092749 460938.89271981651817 966771.5853603426 9576.079550421182182
0.44754146278292933 381191.2859038487912 426200.2920018215 11169.4804826485142275
