k ps_3d err_sample_variance err_thermal_noise
0.07597061462993654 16904671.159602652093 382346.399773256 0.0
0.0948241797491695 15834778.619088428516 2668771.1626878725 0.0
0.1183566186597577 7167919.2112066624118 306622.45037597883 0.0
0.14772908363274287 5428542.3532408858387 65211.66151787477 0.0
0.18439088914585774 2274529.7162485927945 1112940.1583667132 0.0
0.23015102486200073 838919.88589554425647 907146.4571643271 0.0
0.28726741592492194 354145.0077812864705 111546.02288829333 0.0
0.3585583349092749 461059.32554223344565 967130.9411508812 0.0
0.44754146278292933 382040.6161754812519 425906.67179681093 0.0
