k_par k_perp ps_2d err_sample_variance err_thermal_noise
0.06985973156544303 0.051028 23116.5126178936 130178.77043640388 0.0
0.06985973156544303 0.058283999999999996 23042.226721946787 79585.34826165023 0.0
0.06985973156544303 0.06554 13045.36953616458 77222.36591777384 0.0
0.06985973156544303 0.072796 7157.814700228331 49050.159100856865 0.0
0.06985973156544303 0.080052 8770.275336407389 29459.71874039193 0.0
0.06985973156544303 0.087308 5535.656540998767 26407.955826643196 0.0
0.06985973156544303 0.09456400000000001 5430.0948549613695 18946.404119829353 0.0
0.06985973156544303 0.10182 3443.120191492371 18222.295737179036 0.0
0.06985973156544303 0.109076 2580.225201910924 15130.434005593312 0.0
0.06985973156544303 0.11633199999999999 1786.14059785588 7936.941183552413 0.0
0.06985973156544303 0.123588 1670.3347493595886 8197.659443677501 0.0
0.06985973156544303 0.13084400000000002 1355.9955061976686 6174.5279465054 0.0
0.06985973156544303 0.1381 919.4625342514574 3381.268026289439 0.0
0.06985973156544303 0.145356 1015.7554728838633 3162.833682299038 0.0
0.06985973156544303 0.152612 746.140557124218 2320.7453790460395 0.0
0.06985973156544303 0.159868 658.7625822310334 2580.6138632530137 0.0
0.06985973156544303 0.167124 522.2164565983902 1574.55372616462 0.0
0.06985973156544303 0.17438 539.9505902669351 1264.3695492737213 0.0
0.06985973156544303 0.18163600000000002 384.9703561405358 1437.3741422761034 0.0
0.06985973156544303 0.188892 393.72895568506044 964.2758988470034 0.0
0.06985973156544303 0.196148 279.2496154015285 1243.6584967393032 0.0
0.06985973156544303 0.203404 195.6983323178015 662.1308897890452 0.0
0.06985973156544303 0.21066000000000001 154.53541751309896 411.90587977897934 0.0
0.06985973156544303 0.217916 174.1207433698999 530.9658553931812 0.0
0.06985973156544303 0.225172 170.0436043388406 400.0522773330305 0.0
0.11322094426123525 0.051028 5683.78972017744 33313.327113142936 0.0
0.11322094426123525 0.058283999999999996 5700.648722936323 20355.751067221536 0.0
0.11322094426123525 0.06554 3118.3756370757123 19751.178870164775 0.0
0.11322094426123525 0.072796 1660.0276852247232 12531.965402225658 0.0
0.11322094426123525 0.080052 2003.139682716065 7530.516966583188 0.0
0.11322094426123525 0.087308 1214.551382282229 6751.178217531232 0.0
0.11322094426123525 0.09456400000000001 1136.7789423355127 4842.824936948477 0.0
0.11322094426123525 0.10182 669.5157910792808 4651.624006898873 0.0
0.11322094426123525 0.109076 479.2773180197458 3869.803499703951 0.0
0.11322094426123525 0.11633199999999999 301.47901243170395 2023.7500627372892 0.0
0.11322094426123525 0.123588 301.48558068563494 2091.7976821413095 0.0
0.11322094426123525 0.13084400000000002 219.20812546116795 1577.51274398879 0.0
0.11322094426123525 0.1381 168.88844612159184 864.2768515082093 0.0
0.11322094426123525 0.145356 161.3071241308789 808.5434672896859 0.0
0.11322094426123525 0.152612 141.0815614764517 591.8969685793952 0.0
0.11322094426123525 0.159868 108.6717515372685 659.3688377002335 0.0
0.11322094426123525 0.167124 81.09467574171205 399.83297071808 0.0
0.11322094426123525 0.17438 97.37311931167196 323.0778543294946 0.0
0.11322094426123525 0.18163600000000002 67.82819877446076 365.8943601660343 0.0
0.11322094426123525 0.188892 89.65429037755027 246.0647690102301 0.0
0.11322094426123525 0.196148 57.65490624525129 320.34810369637023 0.0
0.11322094426123525 0.203404 50.99258559470709 169.22081689315593 0.0
0.11322094426123525 0.21066000000000001 46.81358731910024 105.55335680604793 0.0
0.11322094426123525 0.217916 48.551061635131056 139.33887890198778 0.0
0.11322094426123525 0.225172 50.45688416609294 102.03673201899987 0.0
0.15658215695702749 0.051028 2616.190104337082 90.37878652861387 0.0
0.15658215695702749 0.058283999999999996 2623.9108601640264 66.01326059592905 0.0
0.15658215695702749 0.06554 1432.4809237639172 57.162658825391844 0.0
0.15658215695702749 0.072796 762.6821017546038 32.47699660445358 0.0
0.15658215695702749 0.080052 909.7684844872855 45.41240327959258 0.0
0.15658215695702749 0.087308 553.7831014266845 17.763374042303408 0.0
0.15658215695702749 0.09456400000000001 511.1948561416792 18.3502637044627 0.0
0.15658215695702749 0.10182 301.42588015690967 12.342474385002784 0.0
0.15658215695702749 0.109076 210.9927124000553 13.305479112348854 0.0
0.15658215695702749 0.11633199999999999 133.8434492359214 5.659967017176246 0.0
0.15658215695702749 0.123588 133.32618846221 5.801420660631373 0.0
0.15658215695702749 0.13084400000000002 91.99530469614064 3.830082525025763 0.0
0.15658215695702749 0.1381 66.9367774968311 2.3420402136472886 0.0
0.15658215695702749 0.145356 66.38873569988718 3.7157752976304916 0.0
0.15658215695702749 0.152612 52.33817448915364 2.1681200548381536 0.0
0.15658215695702749 0.159868 39.73675335931163 2.873779123934661 0.0
0.15658215695702749 0.167124 28.54087516363 1.2409416442108028 0.0
0.15658215695702749 0.17438 31.449272608203415 1.6222658601498572 0.0
0.15658215695702749 0.18163600000000002 18.88671167171263 2.060476117029592 0.0
0.15658215695702749 0.188892 27.431494791849943 1.4779668560125343 0.0
0.15658215695702749 0.196148 17.969038422575093 1.7997568250995026 0.0
0.15658215695702749 0.203404 13.503650587505895 0.6970217817091524 0.0
0.15658215695702749 0.21066000000000001 11.781141186727137 0.8284682864952293 0.0
0.15658215695702749 0.217916 13.49782992658323 1.4311320896755393 0.0
0.15658215695702749 0.225172 15.734718085176098 1.0732726920398414 0.0
0.1999433696528197 0.051028 1535.115138182342 9133.021636091931 0.0
0.1999433696528197 0.058283999999999996 1538.0189887355118 5579.4463154847335 0.0
0.1999433696528197 0.06554 836.3133318517677 5413.330647189376 0.0
0.1999433696528197 0.072796 445.9334237804606 3434.592022918424 0.0
0.1999433696528197 0.080052 532.9806565188171 2064.4549132098064 0.0
0.1999433696528197 0.087308 322.8220857950599 1847.4511212344873 0.0
0.1999433696528197 0.09456400000000001 297.40964229241257 1325.89859204668 0.0
0.1999433696528197 0.10182 174.60588867334144 1273.871736000057 0.0
0.1999433696528197 0.109076 122.66056546761126 1059.0957429899988 0.0
0.1999433696528197 0.11633199999999999 78.31985060238011 553.5679477025501 0.0
0.1999433696528197 0.123588 77.60464977697683 572.8199271379498 0.0
0.1999433696528197 0.13084400000000002 53.427421963785285 432.18237452855976 0.0
0.1999433696528197 0.1381 38.766662171739185 236.25611836147658 0.0
0.1999433696528197 0.145356 38.086625176782945 221.16671602472866 0.0
0.1999433696528197 0.152612 29.611266959812262 161.81992358305507 0.0
0.1999433696528197 0.159868 22.81826334387872 180.08014435773788 0.0
0.1999433696528197 0.167124 16.071984461851073 109.42179845152754 0.0
0.1999433696528197 0.17438 17.691164309232065 88.25450256157849 0.0
0.1999433696528197 0.18163600000000002 10.376071779505278 99.78472863595132 0.0
0.1999433696528197 0.188892 15.266167887965837 67.21613450484168 0.0
0.1999433696528197 0.196148 9.804518559009889 87.25690638019947 0.0
0.1999433696528197 0.203404 7.099831209843854 46.07916893853334 0.0
0.1999433696528197 0.21066000000000001 6.156778104011301 28.7901353472645 0.0
0.1999433696528197 0.217916 7.227698729701435 37.65077870433936 0.0
0.1999433696528197 0.225172 8.35775978748429 27.87088209469335 0.0
0.24330458234861194 0.051028 1044.511367647326 6258.474186953877 0.0
0.24330458234861194 0.058283999999999996 1045.7418243933387 3823.864105938641 0.0
0.24330458234861194 0.06554 567.5847987482756 3710.17270361086 0.0
0.24330458234861194 0.072796 302.5491407983473 2354.0055050643446 0.0
0.24330458234861194 0.080052 362.13851277725405 1414.6502166012663 0.0
0.24330458234861194 0.087308 219.13336516487155 1266.7923499939177 0.0
0.24330458234861194 0.09456400000000001 201.69279800895188 909.0005735751537 0.0
0.24330458234861194 0.10182 118.37242157707877 873.2130748923629 0.0
0.24330458234861194 0.109076 83.00689308336338 726.2325685645756 0.0
0.24330458234861194 0.11633199999999999 53.1949122436554 379.55751218612 0.0
0.24330458234861194 0.123588 52.6243935757867 392.7093987945154 0.0
0.24330458234861194 0.13084400000000002 36.291153978327664 296.2214871152235 0.0
0.24330458234861194 0.1381 26.262084574187572 162.01782447375123 0.0
0.24330458234861194 0.145356 25.78646818490436 151.67396707465096 0.0
0.24330458234861194 0.152612 19.986638177981124 110.96613441827506 0.0
0.24330458234861194 0.159868 15.454437654281778 123.48485386959214 0.0
0.24330458234861194 0.167124 10.842436529321658 75.0044604603218 0.0
0.24330458234861194 0.17438 11.945893259196929 60.4979123883146 0.0
0.24330458234861194 0.18163600000000002 6.991010385541367 68.40008517828511 0.0
0.24330458234861194 0.188892 10.32735250194005 46.07912550011796 0.0
0.24330458234861194 0.196148 6.607243308919386 59.847029154242776 0.0
0.24330458234861194 0.203404 4.767388814314179 31.601100442413003 0.0
0.24330458234861194 0.21066000000000001 4.137184663329912 19.738968736161873 0.0
0.24330458234861194 0.217916 4.860935139527726 25.812688792178125 0.0
0.24330458234861194 0.225172 5.62772362801125 19.12247732116333 0.0
0.28666579504440415 0.051028 795.2022352086769 27.7180356013395 0.0
0.28666579504440415 0.058283999999999996 797.003783379212 19.863903370642127 0.0
0.28666579504440415 0.06554 433.5007121132352 17.123530514883917 0.0
0.28666579504440415 0.072796 230.76498597943618 9.802420819278375 0.0
0.28666579504440415 0.080052 276.0770742043298 13.758220229579086 0.0
0.28666579504440415 0.087308 167.34314964337653 5.286299654579506 0.0
0.28666579504440415 0.09456400000000001 154.19719025532163 5.480048047627057 0.0
0.28666579504440415 0.10182 90.53392400960468 3.6885953694896148 0.0
0.28666579504440415 0.109076 63.54166613940038 3.985784939964933 0.0
0.28666579504440415 0.11633199999999999 40.56151102975227 1.7291945029870441 0.0
0.28666579504440415 0.123588 40.21108043609327 1.7631515942663099 0.0
0.28666579504440415 0.13084400000000002 27.73050586145824 1.1609300574660462 0.0
0.28666579504440415 0.1381 20.02959429256312 0.6619580120809768 0.0
0.28666579504440415 0.145356 19.751070035106874 1.155686334482165 0.0
0.28666579504440415 0.152612 15.27849379204472 0.6351757713634595 0.0
0.28666579504440415 0.159868 11.779979640596427 0.8903973731925425 0.0
0.28666579504440415 0.167124 8.26955951774479 0.35315029532815434 0.0
0.28666579504440415 0.17438 9.135368055249574 0.47489381859079965 0.0
0.28666579504440415 0.18163600000000002 5.322050483194457 0.6145913277002344 0.0
0.28666579504440415 0.188892 7.871011875810619 0.4080284131276778 0.0
0.28666579504440415 0.196148 5.019984689853772 0.5474356706487011 0.0
0.28666579504440415 0.203404 3.6455841548689034 0.18494768801654923 0.0
0.28666579504440415 0.21066000000000001 3.1491760133738635 0.23492362652800008 0.0
0.28666579504440415 0.217916 3.6875655873410147 0.4225730778367137 0.0
0.28666579504440415 0.225172 4.274929101088143 0.3048233730208336 0.0
0.33002700774019633 0.051028 654.5169120581857 3872.4533084811687 0.0
0.33002700774019633 0.058283999999999996 657.6601881579601 2364.9806380179007 0.0
0.33002700774019633 0.06554 358.60697430807073 2294.59762763485 0.0
0.33002700774019633 0.072796 190.97789515367512 1455.8783069178173 0.0
0.33002700774019633 0.080052 228.13520908936252 874.9910656394555 0.0
0.33002700774019633 0.087308 138.12325456633837 783.2621668899134 0.0
0.33002700774019633 0.09456400000000001 127.45474931644873 562.0410352333247 0.0
0.33002700774019633 0.10182 74.80852091887348 539.967132234941 0.0
0.33002700774019633 0.109076 52.548205838643725 449.02788297851754 0.0
0.33002700774019633 0.11633199999999999 33.44762388616013 234.73282527270342 0.0
0.33002700774019633 0.123588 33.102128936194475 242.8250453416397 0.0
0.33002700774019633 0.13084400000000002 22.8394896526555 183.19116394504792 0.0
0.33002700774019633 0.1381 16.50012530414463 100.15986540609046 0.0
0.33002700774019633 0.145356 16.29762216411136 93.77774390078162 0.0
0.33002700774019633 0.152612 12.605680287282572 68.61386380131701 0.0
0.33002700774019633 0.159868 9.667866938759364 76.369840220508 0.0
0.33002700774019633 0.167124 6.789537078839257 46.39191684739618 0.0
0.33002700774019633 0.17438 7.474773102837307 37.424699123685144 0.0
0.33002700774019633 0.18163600000000002 4.335908773446345 42.326157062334566 0.0
0.33002700774019633 0.188892 6.401800037299929 28.509249015031024 0.0
0.33002700774019633 0.196148 4.097602184180518 37.02970678309264 0.0
0.33002700774019633 0.203404 2.9476685718057096 19.545012824279453 0.0
0.33002700774019633 0.21066000000000001 2.562733982844542 12.21621302440795 0.0
0.33002700774019633 0.217916 3.002903385200454 15.9781491024382 0.0
0.33002700774019633 0.225172 3.472676925386932 11.82837096484213 0.0
0.3733882204359886 0.051028 573.131246318233 3349.786504619004 0.0
0.3733882204359886 0.058283999999999996 575.7484605534523 2045.9666324501952 0.0
0.3733882204359886 0.06554 313.7957459990861 1985.0341328891172 0.0
0.3733882204359886 0.072796 167.20324324664543 1259.367934808824 0.0
0.3733882204359886 0.080052 199.83187347394468 756.9583345490337 0.0
0.3733882204359886 0.087308 120.82804975622614 677.6787564052767 0.0
0.3733882204359886 0.09456400000000001 111.4529144762193 486.2935987459406 0.0
0.3733882204359886 0.10182 65.36220170223059 467.14619798435143 0.0
0.3733882204359886 0.109076 45.98523836114822 388.49529754160864 0.0
0.3733882204359886 0.11633199999999999 29.299751697815232 203.09499992776375 0.0
0.3733882204359886 0.123588 28.97350629428728 210.07663511113486 0.0
0.3733882204359886 0.13084400000000002 19.976837330805292 158.48254266537754 0.0
0.3733882204359886 0.1381 14.44691552187761 86.66898995078184 0.0
0.3733882204359886 0.145356 14.213532962013801 81.1510302533673 0.0
0.3733882204359886 0.152612 10.965668083267404 59.369213907556535 0.0
0.3733882204359886 0.159868 8.441143392142582 66.08223278446864 0.0
0.3733882204359886 0.167124 5.906591431698755 40.135645173264614 0.0
0.3733882204359886 0.17438 6.512504964232513 32.37836721234235 0.0
0.3733882204359886 0.18163600000000002 3.763613156244114 36.621325913498744 0.0
0.3733882204359886 0.188892 5.568998650535874 24.667472433458013 0.0
0.3733882204359886 0.196148 3.550448446027482 32.04259922188828 0.0
0.3733882204359886 0.203404 2.5509399750065067 16.913834651035923 0.0
0.3733882204359886 0.21066000000000001 2.2148666898565192 10.568882133573394 0.0
0.3733882204359886 0.217916 2.6079500141609313 13.826360045463927 0.0
0.3733882204359886 0.225172 3.0078084412965382 10.239847792593142 0.0
0.4167494331317808 0.051028 518.0016508630146 17.85040054892832 0.0
0.4167494331317808 0.058283999999999996 520.1514243282428 13.111720913464591 0.0
0.4167494331317808 0.06554 283.60726027526755 11.41252446271943 0.0
0.4167494331317808 0.072796 150.93139034055076 6.4934512216308695 0.0
0.4167494331317808 0.080052 180.4395684072664 9.114960705387896 0.0
0.4167494331317808 0.087308 109.24046806256972 3.5490562172704525 0.0
0.4167494331317808 0.09456400000000001 100.64344686233628 3.6292457964450087 0.0
0.4167494331317808 0.10182 59.17103937726701 2.4708066935753568 0.0
0.4167494331317808 0.109076 41.431373887086515 2.6295057227687724 0.0
0.4167494331317808 0.11633199999999999 26.43156282536809 1.1127951713015214 0.0
0.4167494331317808 0.123588 26.171975360379964 1.1520973322646149 0.0
0.4167494331317808 0.13084400000000002 18.041496698401836 0.745093879366593 0.0
0.4167494331317808 0.1381 13.009086970207834 0.42969860458574893 0.0
0.4167494331317808 0.145356 12.829611556817355 0.7419025429819708 0.0
0.4167494331317808 0.152612 9.880957315572513 0.4072633734288167 0.0
0.4167494331317808 0.159868 7.602482551040686 0.5728247203421288 0.0
0.4167494331317808 0.167124 5.360609573774693 0.22806261094387265 0.0
0.4167494331317808 0.17438 5.897315546416124 0.3042917175231197 0.0
0.4167494331317808 0.18163600000000002 3.412909306522513 0.39605260056277924 0.0
0.4167494331317808 0.188892 5.061211702934778 0.2597745534539089 0.0
0.4167494331317808 0.196148 3.2355709791676315 0.35497255337365063 0.0
0.4167494331317808 0.203404 2.350138680628557 0.11813058015224848 0.0
0.4167494331317808 0.21066000000000001 2.0156737182584985 0.1503131012852586 0.0
0.4167494331317808 0.217916 2.361895294895051 0.27305435437792014 0.0
0.4167494331317808 0.225172 2.7422865278905273 0.19524690879125284 0.0
0.46011064582757305 0.051028 488.7957753614154 2914.6408559094243 0.0
0.46011064582757305 0.058283999999999996 490.40850112046337 1780.6532333706327 0.0
0.46011064582757305 0.06554 266.81518482463565 1727.7074369870925 0.0
0.46011064582757305 0.072796 142.12749297367455 1096.0996390240332 0.0
0.46011064582757305 0.080052 169.9542892166433 658.8203788053604 0.0
0.46011064582757305 0.087308 102.86743438699104 589.7840367398718 0.0
0.46011064582757305 0.09456400000000001 94.86535499719047 423.230347107135 0.0
0.46011064582757305 0.10182 55.6047011201962 406.6012884512117 0.0
0.46011064582757305 0.109076 39.10624535604437 338.1134980836865 0.0
0.46011064582757305 0.11633199999999999 24.946218366767102 176.72873787158946 0.0
0.46011064582757305 0.123588 24.68824495621666 182.822142519566 0.0
0.46011064582757305 0.13084400000000002 17.032694401594377 137.9216120549367 0.0
0.46011064582757305 0.1381 12.313122714048388 75.42534672860472 0.0
0.46011064582757305 0.145356 12.130125139734542 70.61301141308884 0.0
0.46011064582757305 0.152612 9.383549260496101 51.66588199760994 0.0
0.46011064582757305 0.159868 7.225982636515055 57.49344490966451 0.0
0.46011064582757305 0.167124 5.05048111768253 34.9276582024823 0.0
0.46011064582757305 0.17438 5.576891988434049 28.17197506941897 0.0
0.46011064582757305 0.18163600000000002 3.2394583856344465 31.856109772740723 0.0
0.46011064582757305 0.188892 4.79091446297803 21.46044509885939 0.0
0.46011064582757305 0.196148 3.0546125057674853 27.865245672006605 0.0
0.46011064582757305 0.203404 2.19550507688583 14.713774660418236 0.0
0.46011064582757305 0.21066000000000001 1.9122578195639484 9.192364102047524 0.0
0.46011064582757305 0.217916 2.247464268274891 12.019549059833889 0.0
0.46011064582757305 0.225172 2.5941745391924793 8.900557782165427 0.0
