k ps_3d err_sample_variance err_thermal_noise
0.07597061462993654 16276973.18385807437 352521.1196029219 0.0
0.0948241797491695 14951471.313943392479 2476942.125985598 0.0
0.1183566186597577 6912702.581901747537 313955.7924896946 0.0
0.14772908363274287 5301193.860166853958 57678.0474712668 0.0
0.18439088914585774 2345515.0879584027377 1035004.2148690769 0.0
0.23015102486200073 971297.88886258698426 842723.4446859658 0.0
0.28726741592492194 505298.7366339606043 111938.95421352399 0.0
0.3585583349092749 574236.86197603692517 898067.1289238168 0.0
0.44754146278292933 483377.2207635110593 398302.95769292786 0.0
