k ps_3d err_sample_variance err_thermal_noise
0.07597061462993654 -52.310149688411138658 6.615035296421407 654.8628752033062331
0.0948241797491695 70.25308591386122348 11.81606725292464 1169.3860751931139028
0.1183566186597577 23.860505060532706478 14.707023278009535 2083.846410775491085
0.14772908363274287 -109.57409502404099566 17.8439612090737 3489.7164349810441446
0.18439088914585774 -37.977904133259968056 20.744694915486324 5057.3897942919783715
0.23015102486200073 -2.7438169179972287104 22.981782909022197 7109.750904981313644
0.28726741592492194 68.43847195781194337 21.848930353247415 8341.065762232655979
0.3585583349092749 -84.714932167566929344 30.55027593314421 9576.079550421182182
0.44754146278292933 105.02005635659265881 35.85519634067053 11169.4804826485142275
