k ps_3d err_sample_variance
0.07597061462993654 654.8628752033062331 9.325842235910297
0.0948241797491695 1169.3860751931139028 8.51936644392162
0.1183566186597577 2083.846410775491085 15.442765670954268
0.14772908363274287 3489.7164349810441446 19.42966195976903
0.18439088914585774 5057.3897942919783715 23.700185495971287
0.23015102486200073 7109.750904981313644 23.423830276968456
0.28726741592492194 8341.065762232655979 28.35690393614818
0.3585583349092749 9576.079550421182182 26.702608342869677
0.44754146278292933 11169.4804826485142275 33.67039643015265
