# Cylindrically averaged Power Spectra n_kper=20, n_kpar=9
# k_par (h cMpc^-1), k_per (h cMpc^-1), P (K^2 h^-3 cMpc^3), P_err (K^2 h^-3 cMpc^3)
# 
     0.0482      0.0480 274210.2404  97320.3038
     0.0482      0.0574 205430.6954  42108.5387
     0.0482      0.0669 114305.8450  25603.5040
     0.0482      0.0763  97364.4975  17301.8068
     0.0482      0.0858  96179.1687  19725.4273
     0.0482      0.0952  52255.0128   9288.9462
     0.0482      0.1046  53553.7530   9009.3921
     0.0482      0.1141  24363.3901   4653.8199
     0.0482      0.1235  45459.1027   6343.5093
     0.0482      0.1330  32467.3061   4743.1202
     0.0482      0.1424  24271.9550   3729.4349
     0.0482      0.1519  21400.9361   3008.2207
     0.0482      0.1613  27526.5593   3878.5205
     0.0482      0.1707  24548.4566   3131.0386
     0.0482      0.1802  16227.0009   2398.3067
     0.0482      0.1896  28392.8008   3453.3429
     0.0482      0.1991  33110.6056   3898.9187
     0.0482      0.2085  13825.4952   2067.9313
     0.0482      0.2180  34562.7804   4177.5112
     0.0482      0.2274  68941.0290  10796.3918
     0.0964      0.0480   4330.5401   1536.9575
     0.0964      0.0574   3268.8029    670.0289
     0.0964      0.0669   1810.6242    405.5639
     0.0964      0.0763   1551.9652    275.7864
     0.0964      0.0858   1515.0519    310.7227
     0.0964      0.0952    839.8618    149.2954
     0.0964      0.1046    854.3094    143.7212
     0.0964      0.1141    383.7725     73.3071
     0.0964      0.1235    725.2850    101.2086
     0.0964      0.1330    522.8362     76.3807
     0.0964      0.1424    396.4187     60.9105
     0.0964      0.1519    344.0866     48.3665
     0.0964      0.1613    439.2263     61.8874
     0.0964      0.1707    388.9392     49.6073
     0.0964      0.1802    264.3170     39.0653
     0.0964      0.1896    459.0942     55.8384
     0.0964      0.1991    532.3975     62.6921
     0.0964      0.2085    226.7049     33.9091
     0.0964      0.2180    546.3398     66.0346
     0.0964      0.2274   1128.1700    176.6751
     0.1446      0.0480      0.1148      0.0408
     0.1446      0.0574      0.0795      0.0163
     0.1446      0.0669      0.0559      0.0125
     0.1446      0.0763      0.0595      0.0106
     0.1446      0.0858      0.0494      0.0101
     0.1446      0.0952      0.0561      0.0100
     0.1446      0.1046      0.0663      0.0112
     0.1446      0.1141      0.0541      0.0103
     0.1446      0.1235      0.0703      0.0098
     0.1446      0.1330      0.0594      0.0087
     0.1446      0.1424      0.0805      0.0124
     0.1446      0.1519      0.0583      0.0082
     0.1446      0.1613      0.0673      0.0095
     0.1446      0.1707      0.1087      0.0139
     0.1446      0.1802      0.1253      0.0185
     0.1446      0.1896      0.1582      0.0192
     0.1446      0.1991      0.2505      0.0295
     0.1446      0.2085      0.2988      0.0447
     0.1446      0.2180      0.3336      0.0403
     0.1446      0.2274      0.5665      0.0887
     0.1928      0.0480      0.4848      0.1721
     0.1928      0.0574      0.3395      0.0696
     0.1928      0.0669      0.2255      0.0505
     0.1928      0.0763      0.1743      0.0310
     0.1928      0.0858      0.1848      0.0379
     0.1928      0.0952      0.1344      0.0239
     0.1928      0.1046      0.0991      0.0167
     0.1928      0.1141      0.1030      0.0197
     0.1928      0.1235      0.1390      0.0194
     0.1928      0.1330      0.0869      0.0127
     0.1928      0.1424      0.0811      0.0125
     0.1928      0.1519      0.0932      0.0131
     0.1928      0.1613      0.0950      0.0134
     0.1928      0.1707      0.0861      0.0110
     0.1928      0.1802      0.0649      0.0096
     0.1928      0.1896      0.1353      0.0165
     0.1928      0.1991      0.1152      0.0136
     0.1928      0.2085      0.1006      0.0150
     0.1928      0.2180      0.1355      0.0164
     0.1928      0.2274      0.2444      0.0383
     0.2410      0.0480      0.2268      0.0805
     0.2410      0.0574      0.2262      0.0464
     0.2410      0.0669      0.0913      0.0204
     0.2410      0.0763      0.1349      0.0240
     0.2410      0.0858      0.0917      0.0188
     0.2410      0.0952      0.0745      0.0132
     0.2410      0.1046      0.0899      0.0151
     0.2410      0.1141      0.0596      0.0114
     0.2410      0.1235      0.0643      0.0090
     0.2410      0.1330      0.0661      0.0097
     0.2410      0.1424      0.0532      0.0082
     0.2410      0.1519      0.0603      0.0085
     0.2410      0.1613      0.0552      0.0078
     0.2410      0.1707      0.0611      0.0078
     0.2410      0.1802      0.0502      0.0074
     0.2410      0.1896      0.0675      0.0082
     0.2410      0.1991      0.0862      0.0101
     0.2410      0.2085      0.0720      0.0108
     0.2410      0.2180      0.0902      0.0109
     0.2410      0.2274      0.1623      0.0254
     0.2892      0.0480      0.1652      0.0586
     0.2892      0.0574      0.0794      0.0163
     0.2892      0.0669      0.0744      0.0167
     0.2892      0.0763      0.0620      0.0110
     0.2892      0.0858      0.0808      0.0166
     0.2892      0.0952      0.0456      0.0081
     0.2892      0.1046      0.0479      0.0081
     0.2892      0.1141      0.0375      0.0072
     0.2892      0.1235      0.0444      0.0062
     0.2892      0.1330      0.0521      0.0076
     0.2892      0.1424      0.0443      0.0068
     0.2892      0.1519      0.0513      0.0072
     0.2892      0.1613      0.0531      0.0075
     0.2892      0.1707      0.0549      0.0070
     0.2892      0.1802      0.0433      0.0064
     0.2892      0.1896      0.0685      0.0083
     0.2892      0.1991      0.0866      0.0102
     0.2892      0.2085      0.0607      0.0091
     0.2892      0.2180      0.0660      0.0080
     0.2892      0.2274      0.1174      0.0184
     0.3374      0.0480      0.0574      0.0204
     0.3374      0.0574      0.0812      0.0166
     0.3374      0.0669      0.0474      0.0106
     0.3374      0.0763      0.0375      0.0067
     0.3374      0.0858      0.0330      0.0068
     0.3374      0.0952      0.0415      0.0074
     0.3374      0.1046      0.0333      0.0056
     0.3374      0.1141      0.0311      0.0059
     0.3374      0.1235      0.0419      0.0059
     0.3374      0.1330      0.0412      0.0060
     0.3374      0.1424      0.0399      0.0061
     0.3374      0.1519      0.0395      0.0056
     0.3374      0.1613      0.0374      0.0053
     0.3374      0.1707      0.0447      0.0057
     0.3374      0.1802      0.0335      0.0050
     0.3374      0.1896      0.0475      0.0058
     0.3374      0.1991      0.0468      0.0055
     0.3374      0.2085      0.0474      0.0071
     0.3374      0.2180      0.0768      0.0093
     0.3374      0.2274      0.0838      0.0131
     0.3856      0.0480      0.0411      0.0146
     0.3856      0.0574      0.0286      0.0059
     0.3856      0.0669      0.0325      0.0073
     0.3856      0.0763      0.0271      0.0048
     0.3856      0.0858      0.0258      0.0053
     0.3856      0.0952      0.0274      0.0049
     0.3856      0.1046      0.0193      0.0032
     0.3856      0.1141      0.0285      0.0054
     0.3856      0.1235      0.0305      0.0043
     0.3856      0.1330      0.0362      0.0053
     0.3856      0.1424      0.0429      0.0066
     0.3856      0.1519      0.0418      0.0059
     0.3856      0.1613      0.0434      0.0061
     0.3856      0.1707      0.0416      0.0053
     0.3856      0.1802      0.0342      0.0050
     0.3856      0.1896      0.0461      0.0056
     0.3856      0.1991      0.0550      0.0065
     0.3856      0.2085      0.0523      0.0078
     0.3856      0.2180      0.0628      0.0076
     0.3856      0.2274      0.0671      0.0105
     0.4338      0.0480      0.0314      0.0111
     0.4338      0.0574      0.0177      0.0036
     0.4338      0.0669      0.0183      0.0041
     0.4338      0.0763      0.0167      0.0030
     0.4338      0.0858      0.0168      0.0034
     0.4338      0.0952      0.0242      0.0043
     0.4338      0.1046      0.0308      0.0052
     0.4338      0.1141      0.0301      0.0057
     0.4338      0.1235      0.0268      0.0037
     0.4338      0.1330      0.0289      0.0042
     0.4338      0.1424      0.0371      0.0057
     0.4338      0.1519      0.0312      0.0044
     0.4338      0.1613      0.0386      0.0054
     0.4338      0.1707      0.0335      0.0043
     0.4338      0.1802      0.0432      0.0064
     0.4338      0.1896      0.0473      0.0058
     0.4338      0.1991      0.0546      0.0064
     0.4338      0.2085      0.0532      0.0080
     0.4338      0.2180      0.0740      0.0089
     0.4338      0.2274      0.0576      0.0090
