# Cylindrically averaged Power Spectra n_kper=20, n_kpar=9
# k_par (h cMpc^-1), k_per (h cMpc^-1), P (K^2 h^-3 cMpc^3), P_err (K^2 h^-3 cMpc^3)
# 
     0.0482      0.0480 274481.0676  97416.4377
     0.0482      0.0574 205590.3352  42141.2632
     0.0482      0.0669 114404.8512  25625.6807
     0.0482      0.0763  97393.7338  17307.0023
     0.0482      0.0858  96065.5226  19702.1212
     0.0482      0.0952  52136.4806   9267.8757
     0.0482      0.1046  53496.9581   8999.8381
     0.0482      0.1141  24375.2831   4656.0917
     0.0482      0.1235  45443.6806   6341.3584
     0.0482      0.1330  32556.0369   4756.0839
     0.0482      0.1424  24341.2060   3740.0755
     0.0482      0.1519  21334.0276   2998.8203
     0.0482      0.1613  27578.3889   3885.8284
     0.0482      0.1707  24563.4988   3132.9571
     0.0482      0.1802  16203.4713   2394.8322
     0.0482      0.1896  28408.7571   3455.2837
     0.0482      0.1991  32984.3968   3884.0580
     0.0482      0.2085  13649.8216   2041.6554
     0.0482      0.2180  34585.5640   4180.2650
     0.0482      0.2274  69194.2419  10836.0568
     0.0964      0.0480   4339.2623   1540.0582
     0.0964      0.0574   3265.2306    669.2975
     0.0964      0.0669   1813.9553    406.3100
     0.0964      0.0763   1549.3545    275.3227
     0.0964      0.0858   1508.2189    309.3219
     0.0964      0.0952    833.3475    148.1377
     0.0964      0.1046    849.2213    142.8654
     0.0964      0.1141    383.9784     73.3464
     0.0964      0.1235    724.6879    101.1257
     0.0964      0.1330    522.8046     76.3763
     0.0964      0.1424    397.3153     61.0488
     0.0964      0.1519    341.9987     48.0746
     0.0964      0.1613    440.6169     62.0852
     0.0964      0.1707    387.8354     49.4666
     0.0964      0.1802    261.6270     38.6718
     0.0964      0.1896    451.3180     54.8927
     0.0964      0.1991    522.3332     61.5076
     0.0964      0.2085    213.9329     31.9988
     0.0964      0.2180    542.1890     65.5331
     0.0964      0.2274   1125.2108    176.2118
     0.1446      0.0480      0.0495      0.0177
     0.1446      0.0574      0.0407      0.0084
     0.1446      0.0669      0.0240      0.0054
     0.1446      0.0763      0.0228      0.0040
     0.1446      0.0858      0.0151      0.0031
     0.1446      0.0952      0.0151      0.0027
     0.1446      0.1046      0.0169      0.0029
     0.1446      0.1141      0.0075      0.0014
     0.1446      0.1235      0.0167      0.0023
     0.1446      0.1330      0.0155      0.0023
     0.1446      0.1424      0.0648      0.0100
     0.1446      0.1519      0.1133      0.0159
     0.1446      0.1613      0.1259      0.0178
     0.1446      0.1707      0.1537      0.0197
     0.1446      0.1802      0.2027      0.0300
     0.1446      0.1896      0.2286      0.0279
     0.1446      0.1991      0.3265      0.0386
     0.1446      0.2085      0.3568      0.0535
     0.1446      0.2180      0.4353      0.0526
     0.1446      0.2274      0.5399      0.0847
     0.1928      0.0480      0.4239      0.1505
     0.1928      0.0574      0.3280      0.0672
     0.1928      0.0669      0.1837      0.0411
     0.1928      0.0763      0.1556      0.0276
     0.1928      0.0858      0.1524      0.0313
     0.1928      0.0952      0.0848      0.0151
     0.1928      0.1046      0.0862      0.0145
     0.1928      0.1141      0.0383      0.0073
     0.1928      0.1235      0.0737      0.0103
     0.1928      0.1330      0.0533      0.0078
     0.1928      0.1424      0.0408      0.0063
     0.1928      0.1519      0.0350      0.0049
     0.1928      0.1613      0.0505      0.0071
     0.1928      0.1707      0.0467      0.0060
     0.1928      0.1802      0.0270      0.0040
     0.1928      0.1896      0.0538      0.0065
     0.1928      0.1991      0.0701      0.0083
     0.1928      0.2085      0.0304      0.0045
     0.1928      0.2180      0.0762      0.0092
     0.1928      0.2274      0.1598      0.0251
     0.2410      0.0480      0.2353      0.0835
     0.2410      0.0574      0.1803      0.0370
     0.2410      0.0669      0.1008      0.0226
     0.2410      0.0763      0.0854      0.0152
     0.2410      0.0858      0.0844      0.0173
     0.2410      0.0952      0.0463      0.0082
     0.2410      0.1046      0.0472      0.0079
     0.2410      0.1141      0.0212      0.0041
     0.2410      0.1235      0.0402      0.0056
     0.2410      0.1330      0.0289      0.0042
     0.2410      0.1424      0.0213      0.0033
     0.2410      0.1519      0.0182      0.0026
     0.2410      0.1613      0.0256      0.0036
     0.2410      0.1707      0.0232      0.0030
     0.2410      0.1802      0.0143      0.0021
     0.2410      0.1896      0.0277      0.0034
     0.2410      0.1991      0.0323      0.0038
     0.2410      0.2085      0.0139      0.0021
     0.2410      0.2180      0.0385      0.0046
     0.2410      0.2274      0.0783      0.0123
     0.2892      0.0480      0.1108      0.0393
     0.2892      0.0574      0.0844      0.0173
     0.2892      0.0669      0.0472      0.0106
     0.2892      0.0763      0.0400      0.0071
     0.2892      0.0858      0.0396      0.0081
     0.2892      0.0952      0.0216      0.0038
     0.2892      0.1046      0.0221      0.0037
     0.2892      0.1141      0.0100      0.0019
     0.2892      0.1235      0.0188      0.0026
     0.2892      0.1330      0.0135      0.0020
     0.2892      0.1424      0.0099      0.0015
     0.2892      0.1519      0.0086      0.0012
     0.2892      0.1613      0.0119      0.0017
     0.2892      0.1707      0.0107      0.0014
     0.2892      0.1802      0.0066      0.0010
     0.2892      0.1896      0.0126      0.0015
     0.2892      0.1991      0.0148      0.0017
     0.2892      0.2085      0.0062      0.0009
     0.2892      0.2180      0.0171      0.0021
     0.2892      0.2274      0.0347      0.0054
     0.3374      0.0480      0.0484      0.0172
     0.3374      0.0574      0.0368      0.0075
     0.3374      0.0669      0.0205      0.0046
     0.3374      0.0763      0.0174      0.0031
     0.3374      0.0858      0.0173      0.0035
     0.3374      0.0952      0.0094      0.0017
     0.3374      0.1046      0.0096      0.0016
     0.3374      0.1141      0.0044      0.0008
     0.3374      0.1235      0.0082      0.0011
     0.3374      0.1330      0.0058      0.0009
     0.3374      0.1424      0.0043      0.0007
     0.3374      0.1519      0.0037      0.0005
     0.3374      0.1613      0.0051      0.0007
     0.3374      0.1707      0.0046      0.0006
     0.3374      0.1802      0.0029      0.0004
     0.3374      0.1896      0.0054      0.0007
     0.3374      0.1991      0.0064      0.0007
     0.3374      0.2085      0.0027      0.0004
     0.3374      0.2180      0.0073      0.0009
     0.3374      0.2274      0.0146      0.0023
     0.3856      0.0480      0.0180      0.0064
     0.3856      0.0574      0.0136      0.0028
     0.3856      0.0669      0.0076      0.0017
     0.3856      0.0763      0.0064      0.0011
     0.3856      0.0858      0.0064      0.0013
     0.3856      0.0952      0.0035      0.0006
     0.3856      0.1046      0.0036      0.0006
     0.3856      0.1141      0.0016      0.0003
     0.3856      0.1235      0.0030      0.0004
     0.3856      0.1330      0.0022      0.0003
     0.3856      0.1424      0.0016      0.0002
     0.3856      0.1519      0.0014      0.0002
     0.3856      0.1613      0.0019      0.0003
     0.3856      0.1707      0.0017      0.0002
     0.3856      0.1802      0.0011      0.0002
     0.3856      0.1896      0.0020      0.0002
     0.3856      0.1991      0.0023      0.0003
     0.3856      0.2085      0.0010      0.0001
     0.3856      0.2180      0.0027      0.0003
     0.3856      0.2274      0.0053      0.0008
     0.4338      0.0480      0.0040      0.0014
     0.4338      0.0574      0.0031      0.0006
     0.4338      0.0669      0.0017      0.0004
     0.4338      0.0763      0.0014      0.0003
     0.4338      0.0858      0.0014      0.0003
     0.4338      0.0952      0.0008      0.0001
     0.4338      0.1046      0.0008      0.0001
     0.4338      0.1141      0.0004      0.0001
     0.4338      0.1235      0.0007      0.0001
     0.4338      0.1330      0.0005      0.0001
     0.4338      0.1424      0.0004      0.0001
     0.4338      0.1519      0.0003      0.0000
     0.4338      0.1613      0.0004      0.0001
     0.4338      0.1707      0.0004      0.0000
     0.4338      0.1802      0.0002      0.0000
     0.4338      0.1896      0.0004      0.0001
     0.4338      0.1991      0.0005      0.0001
     0.4338      0.2085      0.0002      0.0000
     0.4338      0.2180      0.0006      0.0001
     0.4338      0.2274      0.0012      0.0002
