# Cylindrically averaged Power Spectra n_kper=20, n_kpar=9
# k_par (h cMpc^-1), k_per (h cMpc^-1), P (K^2 h^-3 cMpc^3), P_err (K^2 h^-3 cMpc^3)
# 
     0.0482      0.0480      1.1763      0.4175
     0.0482      0.0574      1.3067      0.2679
     0.0482      0.0669      1.2734      0.2852
     0.0482      0.0763      1.0233      0.1818
     0.0482      0.0858      1.2169      0.2496
     0.0482      0.0952      1.2465      0.2216
     0.0482      0.1046      1.4187      0.2387
     0.0482      0.1141      1.8253      0.3487
     0.0482      0.1235      1.2644      0.1764
     0.0482      0.1330      2.3379      0.3415
     0.0482      0.1424      1.9752      0.3035
     0.0482      0.1519      2.1192      0.2979
     0.0482      0.1613      2.4775      0.3491
     0.0482      0.1707      2.6207      0.3343
     0.0482      0.1802      2.9396      0.4345
     0.0482      0.1896      4.0646      0.4944
     0.0482      0.1991      4.0028      0.4714
     0.0482      0.2085      5.1319      0.7676
     0.0482      0.2180      6.1864      0.7477
     0.0482      0.2274      8.2109      1.2858
     0.0964      0.0480      0.8833      0.3135
     0.0964      0.0574      1.3428      0.2752
     0.0964      0.0669      1.4275      0.3197
     0.0964      0.0763      1.0797      0.1919
     0.0964      0.0858      1.4939      0.3064
     0.0964      0.0952      1.5059      0.2677
     0.0964      0.1046      1.3047      0.2195
     0.0964      0.1141      1.8220      0.3480
     0.0964      0.1235      1.8736      0.2615
     0.0964      0.1330      2.0778      0.3035
     0.0964      0.1424      1.6863      0.2591
     0.0964      0.1519      1.7263      0.2427
     0.0964      0.1613      2.6706      0.3763
     0.0964      0.1707      2.4236      0.3091
     0.0964      0.1802      2.9126      0.4305
     0.0964      0.1896      3.5269      0.4290
     0.0964      0.1991      5.0205      0.5912
     0.0964      0.2085      6.7448      1.0088
     0.0964      0.2180      6.3921      0.7726
     0.0964      0.2274      6.9916      1.0949
     0.1446      0.0480      0.5755      0.2043
     0.1446      0.0574      0.9181      0.1882
     0.1446      0.0669      1.0493      0.2350
     0.1446      0.0763      0.9720      0.1727
     0.1446      0.0858      1.1536      0.2366
     0.1446      0.0952      1.2763      0.2269
     0.1446      0.1046      1.2335      0.2075
     0.1446      0.1141      1.7908      0.3421
     0.1446      0.1235      1.6023      0.2236
     0.1446      0.1330      2.2170      0.3239
     0.1446      0.1424      2.0754      0.3189
     0.1446      0.1519      2.7121      0.3812
     0.1446      0.1613      2.6235      0.3696
     0.1446      0.1707      2.6101      0.3329
     0.1446      0.1802      3.0898      0.4567
     0.1446      0.1896      3.3773      0.4108
     0.1446      0.1991      4.8122      0.5667
     0.1446      0.2085      5.2437      0.7843
     0.1446      0.2180      5.8991      0.7130
     0.1446      0.2274      7.8729      1.2329
     0.1928      0.0480      0.9615      0.3412
     0.1928      0.0574      0.7123      0.1460
     0.1928      0.0669      1.1243      0.2518
     0.1928      0.0763      1.3435      0.2387
     0.1928      0.0858      1.0301      0.2113
     0.1928      0.0952      1.1300      0.2009
     0.1928      0.1046      1.3454      0.2263
     0.1928      0.1141      1.6901      0.3228
     0.1928      0.1235      1.3416      0.1872
     0.1928      0.1330      1.7537      0.2562
     0.1928      0.1424      1.6217      0.2492
     0.1928      0.1519      2.2916      0.3221
     0.1928      0.1613      2.3169      0.3265
     0.1928      0.1707      2.5149      0.3208
     0.1928      0.1802      4.0992      0.6058
     0.1928      0.1896      3.5729      0.4346
     0.1928      0.1991      4.0794      0.4804
     0.1928      0.2085      5.0327      0.7528
     0.1928      0.2180      6.5788      0.7952
     0.1928      0.2274      8.6414      1.3533
     0.2410      0.0480      0.8355      0.2965
     0.2410      0.0574      0.6530      0.1339
     0.2410      0.0669      1.1764      0.2635
     0.2410      0.0763      0.9930      0.1765
     0.2410      0.0858      1.1450      0.2348
     0.2410      0.0952      1.6146      0.2870
     0.2410      0.1046      1.2440      0.2093
     0.2410      0.1141      1.2027      0.2297
     0.2410      0.1235      1.7160      0.2394
     0.2410      0.1330      2.0011      0.2923
     0.2410      0.1424      1.9284      0.2963
     0.2410      0.1519      2.2913      0.3221
     0.2410      0.1613      2.2552      0.3178
     0.2410      0.1707      2.4173      0.3083
     0.2410      0.1802      3.1713      0.4687
     0.2410      0.1896      2.9667      0.3608
     0.2410      0.1991      3.9391      0.4638
     0.2410      0.2085      5.3926      0.8066
     0.2410      0.2180      5.3651      0.6485
     0.2410      0.2274      9.5987      1.5032
     0.2892      0.0480      0.6633      0.2354
     0.2892      0.0574      0.6855      0.1405
     0.2892      0.0669      1.3954      0.3126
     0.2892      0.0763      1.0123      0.1799
     0.2892      0.0858      1.3211      0.2709
     0.2892      0.0952      1.0487      0.1864
     0.2892      0.1046      1.5215      0.2560
     0.2892      0.1141      1.3207      0.2523
     0.2892      0.1235      1.6752      0.2338
     0.2892      0.1330      1.7723      0.2589
     0.2892      0.1424      2.0932      0.3216
     0.2892      0.1519      2.7032      0.3800
     0.2892      0.1613      2.3194      0.3268
     0.2892      0.1707      2.8413      0.3624
     0.2892      0.1802      2.8797      0.4256
     0.2892      0.1896      3.7478      0.4558
     0.2892      0.1991      4.2046      0.4951
     0.2892      0.2085      4.7778      0.7146
     0.2892      0.2180      5.0171      0.6064
     0.2892      0.2274      5.4814      0.8584
     0.3374      0.0480      1.2916      0.4584
     0.3374      0.0574      0.9832      0.2015
     0.3374      0.0669      1.3377      0.2996
     0.3374      0.0763      0.9446      0.1679
     0.3374      0.0858      1.2352      0.2533
     0.3374      0.0952      0.9753      0.1734
     0.3374      0.1046      0.9184      0.1545
     0.3374      0.1141      1.0468      0.2000
     0.3374      0.1235      1.6277      0.2271
     0.3374      0.1330      1.8917      0.2764
     0.3374      0.1424      1.6811      0.2583
     0.3374      0.1519      2.6302      0.3697
     0.3374      0.1613      1.9818      0.2792
     0.3374      0.1707      3.1637      0.4035
     0.3374      0.1802      2.7933      0.4128
     0.3374      0.1896      3.1768      0.3864
     0.3374      0.1991      4.7752      0.5623
     0.3374      0.2085      4.4674      0.6682
     0.3374      0.2180      5.4892      0.6635
     0.3374      0.2274      8.8392      1.3843
     0.3856      0.0480      0.6260      0.2222
     0.3856      0.0574      1.1024      0.2260
     0.3856      0.0669      0.8888      0.1991
     0.3856      0.0763      1.1068      0.1967
     0.3856      0.0858      0.9380      0.1924
     0.3856      0.0952      1.6650      0.2960
     0.3856      0.1046      1.8585      0.3127
     0.3856      0.1141      1.5005      0.2866
     0.3856      0.1235      1.6449      0.2295
     0.3856      0.1330      1.9522      0.2852
     0.3856      0.1424      2.0040      0.3079
     0.3856      0.1519      2.0548      0.2888
     0.3856      0.1613      2.5170      0.3546
     0.3856      0.1707      2.8221      0.3599
     0.3856      0.1802      3.2637      0.4824
     0.3856      0.1896      3.5032      0.4261
     0.3856      0.1991      4.3907      0.5170
     0.3856      0.2085      3.9564      0.5918
     0.3856      0.2180      7.2570      0.8771
     0.3856      0.2274      4.7137      0.7382
     0.4338      0.0480      1.0708      0.3801
     0.4338      0.0574      0.7436      0.1524
     0.4338      0.0669      1.2818      0.2871
     0.4338      0.0763      1.2456      0.2213
     0.4338      0.0858      1.6271      0.3337
     0.4338      0.0952      1.1783      0.2095
     0.4338      0.1046      1.4567      0.2451
     0.4338      0.1141      1.2089      0.2309
     0.4338      0.1235      1.5037      0.2098
     0.4338      0.1330      1.4157      0.2068
     0.4338      0.1424      1.4900      0.2289
     0.4338      0.1519      1.8480      0.2598
     0.4338      0.1613      2.5590      0.3606
     0.4338      0.1707      3.9143      0.4993
     0.4338      0.1802      3.5621      0.5265
     0.4338      0.1896      3.7434      0.4553
     0.4338      0.1991      4.5416      0.5348
     0.4338      0.2085      5.6157      0.8400
     0.4338      0.2180      5.2948      0.6400
     0.4338      0.2274      8.9383      1.3998
