# Cylindrically averaged Power Spectra n_kper=20, n_kpar=9
# k_par (h cMpc^-1), k_per (h cMpc^-1), P (K^2 h^-3 cMpc^3), P_err (K^2 h^-3 cMpc^3)
# 
     0.0482      0.0480 273930.8278  97221.1372
     0.0482      0.0574 205772.1887  42178.5370
     0.0482      0.0669 114423.8744  25629.9416
     0.0482      0.0763  97425.9277  17312.7230
     0.0482      0.0858  96036.8102  19696.2310
     0.0482      0.0952  52318.8099   9300.2869
     0.0482      0.1046  53561.2565   9010.6544
     0.0482      0.1141  24388.6789   4658.6505
     0.0482      0.1235  45445.2331   6341.5739
     0.0482      0.1330  32442.2097   4739.4539
     0.0482      0.1424  24341.3761   3740.1016
     0.0482      0.1519  21334.8923   2998.9372
     0.0482      0.1613  27558.8960   3883.0768
     0.0482      0.1707  24477.7795   3122.0240
     0.0482      0.1802  16276.1754   2405.5745
     0.0482      0.1896  28396.5087   3453.7939
     0.0482      0.1991  33038.9303   3890.4786
     0.0482      0.2085  13674.3246   2045.3202
     0.0482      0.2180  34570.6874   4178.4669
     0.0482      0.2274  69189.4612  10835.2970
     0.0964      0.0480   4310.8245   1529.9602
     0.0964      0.0574   3292.6093    674.9087
     0.0964      0.0669   1809.0661    405.2149
     0.0964      0.0763   1567.3737    278.5245
     0.0964      0.0858   1511.8748    310.0711
     0.0964      0.0952    854.4876    151.8953
     0.0964      0.1046    857.6274    144.2794
     0.0964      0.1141    387.0441     73.9320
     0.0964      0.1235    726.3886    101.3626
     0.0964      0.1330    514.2721     75.1296
     0.0964      0.1424    404.5704     62.1631
     0.0964      0.1519    342.9204     48.2026
     0.0964      0.1613    445.7454     62.8060
     0.0964      0.1707    383.1855     48.8735
     0.0964      0.1802    275.8778     40.7740
     0.0964      0.1896    462.2930     56.2275
     0.0964      0.1991    536.8253     63.2135
     0.0964      0.2085    220.2118     32.9379
     0.0964      0.2180    546.2794     66.0273
     0.0964      0.2274   1142.7765    178.9626
     0.1446      0.0480      0.8787      0.3118
     0.1446      0.0574      1.2440      0.2550
     0.1446      0.0669      1.0220      0.2289
     0.1446      0.0763      1.0931      0.1942
     0.1446      0.0858      1.1148      0.2286
     0.1446      0.0952      1.2480      0.2218
     0.1446      0.1046      1.5247      0.2565
     0.1446      0.1141      1.0796      0.2062
     0.1446      0.1235      1.6457      0.2296
     0.1446      0.1330      2.0664      0.3019
     0.1446      0.1424      2.2878      0.3515
     0.1446      0.1519      2.0801      0.2924
     0.1446      0.1613      2.2323      0.3145
     0.1446      0.1707      2.9195      0.3724
     0.1446      0.1802      2.8053      0.4146
     0.1446      0.1896      4.2700      0.5193
     0.1446      0.1991      4.5062      0.5306
     0.1446      0.2085      5.5715      0.8333
     0.1446      0.2180      5.2340      0.6326
     0.1446      0.2274      7.8145      1.2238
     0.1928      0.0480      1.3638      0.4840
     0.1928      0.0574      1.9322      0.3961
     0.1928      0.0669      1.3651      0.3058
     0.1928      0.0763      1.7595      0.3127
     0.1928      0.0858      1.0981      0.2252
     0.1928      0.0952      1.2436      0.2211
     0.1928      0.1046      1.6105      0.2709
     0.1928      0.1141      1.0952      0.2092
     0.1928      0.1235      1.6553      0.2310
     0.1928      0.1330      2.3849      0.3484
     0.1928      0.1424      2.3652      0.3634
     0.1928      0.1519      1.9129      0.2689
     0.1928      0.1613      2.4726      0.3484
     0.1928      0.1707      3.0071      0.3835
     0.1928      0.1802      3.6060      0.5330
     0.1928      0.1896      3.5253      0.4288
     0.1928      0.1991      3.8103      0.4487
     0.1928      0.2085      5.6315      0.8423
     0.1928      0.2180      5.2568      0.6354
     0.1928      0.2274      8.0086      1.2542
     0.2410      0.0480      1.1208      0.3978
     0.2410      0.0574      1.3909      0.2851
     0.2410      0.0669      0.9069      0.2031
     0.2410      0.0763      1.1892      0.2113
     0.2410      0.0858      1.0512      0.2156
     0.2410      0.0952      1.3569      0.2412
     0.2410      0.1046      1.5138      0.2547
     0.2410      0.1141      1.4881      0.2842
     0.2410      0.1235      2.1201      0.2958
     0.2410      0.1330      1.8397      0.2688
     0.2410      0.1424      2.0738      0.3186
     0.2410      0.1519      1.8517      0.2603
     0.2410      0.1613      2.6667      0.3757
     0.2410      0.1707      2.7418      0.3497
     0.2410      0.1802      4.0816      0.6033
     0.2410      0.1896      2.9329      0.3567
     0.2410      0.1991      3.7857      0.4458
     0.2410      0.2085      4.9802      0.7449
     0.2410      0.2180      5.1933      0.6277
     0.2410      0.2274      7.5609      1.1841
     0.2892      0.0480      0.9378      0.3328
     0.2892      0.0574      1.0989      0.2253
     0.2892      0.0669      1.2294      0.2754
     0.2892      0.0763      1.3326      0.2368
     0.2892      0.0858      1.0238      0.2100
     0.2892      0.0952      1.5042      0.2674
     0.2892      0.1046      1.4969      0.2518
     0.2892      0.1141      1.6963      0.3240
     0.2892      0.1235      1.7863      0.2493
     0.2892      0.1330      1.7597      0.2571
     0.2892      0.1424      2.0192      0.3103
     0.2892      0.1519      1.8930      0.2661
     0.2892      0.1613      2.2489      0.3169
     0.2892      0.1707      2.3436      0.2989
     0.2892      0.1802      3.6016      0.5323
     0.2892      0.1896      3.3870      0.4119
     0.2892      0.1991      4.3678      0.5143
     0.2892      0.2085      4.0527      0.6062
     0.2892      0.2180      4.7943      0.5795
     0.2892      0.2274      6.7527      1.0575
     0.3374      0.0480      1.4742      0.5232
     0.3374      0.0574      0.8378      0.1717
     0.3374      0.0669      1.1588      0.2596
     0.3374      0.0763      1.1111      0.1974
     0.3374      0.0858      1.2678      0.2600
     0.3374      0.0952      1.3667      0.2429
     0.3374      0.1046      1.1834      0.1991
     0.3374      0.1141      1.0974      0.2096
     0.3374      0.1235      1.7446      0.2435
     0.3374      0.1330      1.6945      0.2475
     0.3374      0.1424      1.8744      0.2880
     0.3374      0.1519      1.8702      0.2629
     0.3374      0.1613      2.6638      0.3753
     0.3374      0.1707      2.4062      0.3069
     0.3374      0.1802      2.9314      0.4333
     0.3374      0.1896      3.8534      0.4687
     0.3374      0.1991      4.5483      0.5356
     0.3374      0.2085      4.8615      0.7272
     0.3374      0.2180      4.9117      0.5937
     0.3374      0.2274      6.5495      1.0257
     0.3856      0.0480      1.2455      0.4420
     0.3856      0.0574      1.0342      0.2120
     0.3856      0.0669      1.0080      0.2258
     0.3856      0.0763      1.2810      0.2276
     0.3856      0.0858      1.3729      0.2816
     0.3856      0.0952      1.3231      0.2352
     0.3856      0.1046      1.3471      0.2266
     0.3856      0.1141      0.9882      0.1888
     0.3856      0.1235      1.7243      0.2406
     0.3856      0.1330      1.8744      0.2738
     0.3856      0.1424      1.8960      0.2913
     0.3856      0.1519      1.7010      0.2391
     0.3856      0.1613      2.1952      0.3093
     0.3856      0.1707      2.1675      0.2765
     0.3856      0.1802      3.2367      0.4784
     0.3856      0.1896      4.2324      0.5148
     0.3856      0.1991      4.9084      0.5780
     0.3856      0.2085      5.6910      0.8512
     0.3856      0.2180      5.7477      0.6947
     0.3856      0.2274      7.4656      1.1691
     0.4338      0.0480      0.6389      0.2267
     0.4338      0.0574      1.1020      0.2259
     0.4338      0.0669      0.9318      0.2087
     0.4338      0.0763      1.0188      0.1810
     0.4338      0.0858      1.3870      0.2845
     0.4338      0.0952      1.5755      0.2801
     0.4338      0.1046      1.7918      0.3014
     0.4338      0.1141      1.2082      0.2308
     0.4338      0.1235      1.5237      0.2126
     0.4338      0.1330      2.2076      0.3225
     0.4338      0.1424      2.1514      0.3306
     0.4338      0.1519      1.5724      0.2210
     0.4338      0.1613      2.4824      0.3498
     0.4338      0.1707      2.3757      0.3030
     0.4338      0.1802      2.9673      0.4386
     0.4338      0.1896      4.1548      0.5053
     0.4338      0.1991      4.6578      0.5485
     0.4338      0.2085      6.4736      0.9683
     0.4338      0.2180      6.5695      0.7940
     0.4338      0.2274      8.7193      1.3655
