# Cylindrically averaged Power Spectra n_kper=20, n_kpar=9
# k_par (h cMpc^-1), k_per (h cMpc^-1), P (K^2 h^-3 cMpc^3), P_err (K^2 h^-3 cMpc^3)
# 
     0.0482      0.0480 274178.7925  97309.1426
     0.0482      0.0574 205350.5141  42092.1034
     0.0482      0.0669 114295.2418  25601.1290
     0.0482      0.0763  97385.1440  17305.4757
     0.0482      0.0858  96218.2863  19733.4500
     0.0482      0.0952  52265.8647   9290.8752
     0.0482      0.1046  53546.7042   9008.2063
     0.0482      0.1141  24383.6171   4657.6836
     0.0482      0.1235  45467.8291   6344.7270
     0.0482      0.1330  32492.8100   4746.8461
     0.0482      0.1424  24277.1796   3730.2376
     0.0482      0.1519  21379.2808   3005.1767
     0.0482      0.1613  27530.3187   3879.0502
     0.0482      0.1707  24529.8881   3128.6702
     0.0482      0.1802  16216.6010   2396.7696
     0.0482      0.1896  28371.2732   3450.7246
     0.0482      0.1991  33129.1472   3901.1020
     0.0482      0.2085  13833.2209   2069.0869
     0.0482      0.2180  34542.5073   4175.0608
     0.0482      0.2274  68924.4104  10793.7892
     0.0964      0.0480   4332.0513   1537.4938
     0.0964      0.0574   3263.6271    668.9680
     0.0964      0.0669   1806.8916    404.7278
     0.0964      0.0763   1558.3247    276.9165
     0.0964      0.0858   1514.9460    310.7009
     0.0964      0.0952    837.7251    148.9155
     0.0964      0.1046    855.6659    143.9494
     0.0964      0.1141    384.4379     73.4341
     0.0964      0.1235    730.4073    101.9234
     0.0964      0.1330    526.6682     76.9405
     0.0964      0.1424    394.7681     60.6569
     0.0964      0.1519    343.0868     48.2260
     0.0964      0.1613    438.1381     61.7341
     0.0964      0.1707    386.1972     49.2576
     0.0964      0.1802    264.2743     39.0590
     0.0964      0.1896    456.9847     55.5819
     0.0964      0.1991    537.3464     63.2749
     0.0964      0.2085    229.0203     34.2554
     0.0964      0.2180    547.2640     66.1463
     0.0964      0.2274   1126.0141    176.3375
     0.1446      0.0480      0.2105      0.0747
     0.1446      0.0574      0.1421      0.0291
     0.1446      0.0669      0.1689      0.0378
     0.1446      0.0763      0.1828      0.0325
     0.1446      0.0858      0.1479      0.0303
     0.1446      0.0952      0.1803      0.0320
     0.1446      0.1046      0.2263      0.0381
     0.1446      0.1141      0.1534      0.0293
     0.1446      0.1235      0.2336      0.0326
     0.1446      0.1330      0.2474      0.0361
     0.1446      0.1424      0.1797      0.0276
     0.1446      0.1519      0.2606      0.0366
     0.1446      0.1613      0.3383      0.0477
     0.1446      0.1707      0.3492      0.0445
     0.1446      0.1802      0.3933      0.0581
     0.1446      0.1896      0.4895      0.0595
     0.1446      0.1991      0.5534      0.0652
     0.1446      0.2085      0.8625      0.1290
     0.1446      0.2180      0.7374      0.0891
     0.1446      0.2274      1.3583      0.2127
     0.1928      0.0480      0.5301      0.1881
     0.1928      0.0574      0.4198      0.0860
     0.1928      0.0669      0.3488      0.0781
     0.1928      0.0763      0.2640      0.0469
     0.1928      0.0858      0.2256      0.0463
     0.1928      0.0952      0.2445      0.0435
     0.1928      0.1046      0.2065      0.0347
     0.1928      0.1141      0.1726      0.0330
     0.1928      0.1235      0.2550      0.0356
     0.1928      0.1330      0.2896      0.0423
     0.1928      0.1424      0.2628      0.0404
     0.1928      0.1519      0.2921      0.0411
     0.1928      0.1613      0.3493      0.0492
     0.1928      0.1707      0.3100      0.0395
     0.1928      0.1802      0.3427      0.0506
     0.1928      0.1896      0.3652      0.0444
     0.1928      0.1991      0.4406      0.0519
     0.1928      0.2085      0.5387      0.0806
     0.1928      0.2180      0.6113      0.0739
     0.1928      0.2274      1.2470      0.1953
     0.2410      0.0480      0.2528      0.0897
     0.2410      0.0574      0.2862      0.0587
     0.2410      0.0669      0.2064      0.0462
     0.2410      0.0763      0.2433      0.0432
     0.2410      0.0858      0.1884      0.0386
     0.2410      0.0952      0.2166      0.0385
     0.2410      0.1046      0.1594      0.0268
     0.2410      0.1141      0.1628      0.0311
     0.2410      0.1235      0.1437      0.0201
     0.2410      0.1330      0.2032      0.0297
     0.2410      0.1424      0.2684      0.0412
     0.2410      0.1519      0.2325      0.0327
     0.2410      0.1613      0.3073      0.0433
     0.2410      0.1707      0.2863      0.0365
     0.2410      0.1802      0.2693      0.0398
     0.2410      0.1896      0.2884      0.0351
     0.2410      0.1991      0.4477      0.0527
     0.2410      0.2085      0.5371      0.0803
     0.2410      0.2180      0.6457      0.0780
     0.2410      0.2274      0.8042      0.1259
     0.2892      0.0480      0.2637      0.0936
     0.2892      0.0574      0.1957      0.0401
     0.2892      0.0669      0.1932      0.0433
     0.2892      0.0763      0.1601      0.0285
     0.2892      0.0858      0.2147      0.0440
     0.2892      0.0952      0.1731      0.0308
     0.2892      0.1046      0.1619      0.0272
     0.2892      0.1141      0.1655      0.0316
     0.2892      0.1235      0.1481      0.0207
     0.2892      0.1330      0.2157      0.0315
     0.2892      0.1424      0.2240      0.0344
     0.2892      0.1519      0.2481      0.0349
     0.2892      0.1613      0.2251      0.0317
     0.2892      0.1707      0.3210      0.0409
     0.2892      0.1802      0.3164      0.0468
     0.2892      0.1896      0.4177      0.0508
     0.2892      0.1991      0.4516      0.0532
     0.2892      0.2085      0.4667      0.0698
     0.2892      0.2180      0.5347      0.0646
     0.2892      0.2274      0.6955      0.1089
     0.3374      0.0480      0.1048      0.0372
     0.3374      0.0574      0.1454      0.0298
     0.3374      0.0669      0.1603      0.0359
     0.3374      0.0763      0.1235      0.0219
     0.3374      0.0858      0.2038      0.0418
     0.3374      0.0952      0.1787      0.0318
     0.3374      0.1046      0.0996      0.0168
     0.3374      0.1141      0.1548      0.0296
     0.3374      0.1235      0.1526      0.0213
     0.3374      0.1330      0.2243      0.0328
     0.3374      0.1424      0.2321      0.0357
     0.3374      0.1519      0.1900      0.0267
     0.3374      0.1613      0.2622      0.0369
     0.3374      0.1707      0.3070      0.0392
     0.3374      0.1802      0.2876      0.0425
     0.3374      0.1896      0.4154      0.0505
     0.3374      0.1991      0.4504      0.0530
     0.3374      0.2085      0.4286      0.0641
     0.3374      0.2180      0.5246      0.0634
     0.3374      0.2274      0.8066      0.1263
     0.3856      0.0480      0.1058      0.0375
     0.3856      0.0574      0.1493      0.0306
     0.3856      0.0669      0.1032      0.0231
     0.3856      0.0763      0.1284      0.0228
     0.3856      0.0858      0.2338      0.0479
     0.3856      0.0952      0.1785      0.0317
     0.3856      0.1046      0.1359      0.0229
     0.3856      0.1141      0.1467      0.0280
     0.3856      0.1235      0.1396      0.0195
     0.3856      0.1330      0.2020      0.0295
     0.3856      0.1424      0.2437      0.0374
     0.3856      0.1519      0.2077      0.0292
     0.3856      0.1613      0.2403      0.0339
     0.3856      0.1707      0.2626      0.0335
     0.3856      0.1802      0.3185      0.0471
     0.3856      0.1896      0.3229      0.0393
     0.3856      0.1991      0.3776      0.0445
     0.3856      0.2085      0.4493      0.0672
     0.3856      0.2180      0.5022      0.0607
     0.3856      0.2274      0.8134      0.1274
     0.4338      0.0480      0.1434      0.0509
     0.4338      0.0574      0.1083      0.0222
     0.4338      0.0669      0.0950      0.0213
     0.4338      0.0763      0.0997      0.0177
     0.4338      0.0858      0.1916      0.0393
     0.4338      0.0952      0.1378      0.0245
     0.4338      0.1046      0.1668      0.0281
     0.4338      0.1141      0.1372      0.0262
     0.4338      0.1235      0.1801      0.0251
     0.4338      0.1330      0.1959      0.0286
     0.4338      0.1424      0.2205      0.0339
     0.4338      0.1519      0.2313      0.0325
     0.4338      0.1613      0.2482      0.0350
     0.4338      0.1707      0.2407      0.0307
     0.4338      0.1802      0.3445      0.0509
     0.4338      0.1896      0.3530      0.0429
     0.4338      0.1991      0.3532      0.0416
     0.4338      0.2085      0.5966      0.0892
     0.4338      0.2180      0.5590      0.0676
     0.4338      0.2274      0.6952      0.1089
