# Cylindrically averaged Power Spectra n_kper=20, n_kpar=9
# k_par (h cMpc^-1), k_per (h cMpc^-1), P (K^2 h^-3 cMpc^3), P_err (K^2 h^-3 cMpc^3)
# 
     0.0482      0.0480     -0.0056      0.0686
     0.0482      0.0574      0.0504      0.0365
     0.0482      0.0669      0.0561      0.0423
     0.0482      0.0763      0.0739      0.0411
     0.0482      0.0858      0.1050      0.0504
     0.0482      0.0952      0.0303      0.0432
     0.0482      0.1046      0.0254      0.0394
     0.0482      0.1141      0.1277      0.0707
     0.0482      0.1235      0.0444      0.0434
     0.0482      0.1330      0.0461      0.0412
     0.0482      0.1424      0.1010      0.0477
     0.0482      0.1519      0.1155      0.0426
     0.0482      0.1613      0.0387      0.0502
     0.0482      0.1707      0.0096      0.0653
     0.0482      0.1802      0.0833      0.0794
     0.0482      0.1896      0.1057      0.0728
     0.0482      0.1991      0.0275      0.0813
     0.0482      0.2085      0.1317      0.1317
     0.0482      0.2180      0.2818      0.1573
     0.0482      0.2274      0.2381      0.1713
     0.0964      0.0480      0.1382      0.0725
     0.0964      0.0574     -0.0012      0.0324
     0.0964      0.0669      0.0739      0.0387
     0.0964      0.0763      0.0407      0.0370
     0.0964      0.0858      0.0395      0.0410
     0.0964      0.0952      0.0481      0.0353
     0.0964      0.1046      0.0444      0.0418
     0.0964      0.1141     -0.0432      0.0517
     0.0964      0.1235      0.0733      0.0392
     0.0964      0.1330      0.0942      0.0533
     0.0964      0.1424      0.1382      0.0476
     0.0964      0.1519      0.0764      0.0405
     0.0964      0.1613      0.0576      0.0470
     0.0964      0.1707      0.0348      0.0531
     0.0964      0.1802      0.0275      0.0703
     0.0964      0.1896      0.1245      0.0734
     0.0964      0.1991      0.0809      0.0765
     0.0964      0.2085      0.0756      0.1143
     0.0964      0.2180     -0.0212      0.1178
     0.0964      0.2274      0.2686      0.1882
     0.1446      0.0480      0.0465      0.0497
     0.1446      0.0574      0.0139      0.0278
     0.1446      0.0669      0.0423      0.0434
     0.1446      0.0763     -0.0163      0.0344
     0.1446      0.0858      0.0495      0.0391
     0.1446      0.0952      0.0235      0.0361
     0.1446      0.1046      0.0247      0.0338
     0.1446      0.1141     -0.0309      0.0464
     0.1446      0.1235      0.0801      0.0363
     0.1446      0.1330      0.0851      0.0437
     0.1446      0.1424      0.0258      0.0460
     0.1446      0.1519      0.0200      0.0495
     0.1446      0.1613     -0.0418      0.0517
     0.1446      0.1707     -0.0110      0.0515
     0.1446      0.1802     -0.0155      0.0790
     0.1446      0.1896      0.0730      0.0636
     0.1446      0.1991      0.0308      0.0723
     0.1446      0.2085     -0.0066      0.0987
     0.1446      0.2180      0.0674      0.1258
     0.1446      0.2274      0.1091      0.1823
     0.1928      0.0480     -0.0143      0.0694
     0.1928      0.0574      0.0181      0.0285
     0.1928      0.0669     -0.0707      0.0456
     0.1928      0.0763      0.0028      0.0364
     0.1928      0.0858     -0.0123      0.0346
     0.1928      0.0952      0.0417      0.0391
     0.1928      0.1046      0.0466      0.0368
     0.1928      0.1141      0.0309      0.0526
     0.1928      0.1235      0.0383      0.0348
     0.1928      0.1330      0.0721      0.0432
     0.1928      0.1424     -0.0125      0.0496
     0.1928      0.1519      0.1246      0.0547
     0.1928      0.1613      0.0272      0.0540
     0.1928      0.1707      0.0396      0.0469
     0.1928      0.1802     -0.0316      0.0666
     0.1928      0.1896     -0.0836      0.0639
     0.1928      0.1991     -0.0249      0.0837
     0.1928      0.2085      0.2212      0.1127
     0.1928      0.2180      0.0360      0.1004
     0.1928      0.2274      0.2931      0.1915
     0.2410      0.0480      0.0135      0.0743
     0.2410      0.0574      0.0265      0.0280
     0.2410      0.0669      0.0478      0.0373
     0.2410      0.0763     -0.0112      0.0247
     0.2410      0.0858     -0.0370      0.0356
     0.2410      0.0952      0.0144      0.0367
     0.2410      0.1046      0.0342      0.0334
     0.2410      0.1141      0.0139      0.0372
     0.2410      0.1235     -0.0158      0.0306
     0.2410      0.1330     -0.0125      0.0382
     0.2410      0.1424      0.0138      0.0560
     0.2410      0.1519      0.0276      0.0420
     0.2410      0.1613      0.0470      0.0531
     0.2410      0.1707      0.0376      0.0553
     0.2410      0.1802      0.0393      0.0668
     0.2410      0.1896     -0.0370      0.0540
     0.2410      0.1991      0.0949      0.0715
     0.2410      0.2085     -0.0208      0.1038
     0.2410      0.2180     -0.0159      0.1313
     0.2410      0.2274      0.2407      0.1707
     0.2892      0.0480      0.0382      0.0694
     0.2892      0.0574      0.0579      0.0273
     0.2892      0.0669      0.0486      0.0372
     0.2892      0.0763     -0.0404      0.0352
     0.2892      0.0858      0.0336      0.0439
     0.2892      0.0952      0.0671      0.0402
     0.2892      0.1046      0.0405      0.0293
     0.2892      0.1141      0.0157      0.0523
     0.2892      0.1235     -0.0094      0.0303
     0.2892      0.1330      0.0253      0.0373
     0.2892      0.1424     -0.0595      0.0442
     0.2892      0.1519      0.0623      0.0454
     0.2892      0.1613     -0.0454      0.0583
     0.2892      0.1707     -0.0423      0.0585
     0.2892      0.1802     -0.0081      0.0710
     0.2892      0.1896      0.0509      0.0681
     0.2892      0.1991      0.0946      0.0661
     0.2892      0.2085      0.0094      0.1039
     0.2892      0.2180     -0.0236      0.0879
     0.2892      0.2274     -0.0565      0.1552
     0.3374      0.0480      0.0006      0.0448
     0.3374      0.0574      0.0124      0.0365
     0.3374      0.0669      0.0514      0.0402
     0.3374      0.0763      0.0241      0.0369
     0.3374      0.0858     -0.0239      0.0425
     0.3374      0.0952      0.0301      0.0368
     0.3374      0.1046     -0.0087      0.0322
     0.3374      0.1141     -0.0264      0.0506
     0.3374      0.1235      0.0117      0.0347
     0.3374      0.1330      0.0019      0.0406
     0.3374      0.1424      0.0478      0.0503
     0.3374      0.1519      0.0234      0.0426
     0.3374      0.1613      0.0436      0.0507
     0.3374      0.1707      0.0143      0.0475
     0.3374      0.1802      0.0178      0.0484
     0.3374      0.1896      0.0717      0.0705
     0.3374      0.1991     -0.0155      0.0706
     0.3374      0.2085      0.0076      0.0954
     0.3374      0.2180     -0.0890      0.1150
     0.3374      0.2274      0.1598      0.1829
     0.3856      0.0480      0.0549      0.0474
     0.3856      0.0574     -0.0082      0.0336
     0.3856      0.0669      0.0414      0.0445
     0.3856      0.0763      0.0423      0.0293
     0.3856      0.0858      0.0393      0.0339
     0.3856      0.0952      0.0582      0.0379
     0.3856      0.1046      0.0372      0.0347
     0.3856      0.1141     -0.0116      0.0379
     0.3856      0.1235     -0.0224      0.0316
     0.3856      0.1330      0.0599      0.0435
     0.3856      0.1424      0.0634      0.0477
     0.3856      0.1519     -0.0758      0.0513
     0.3856      0.1613      0.0046      0.0544
     0.3856      0.1707     -0.0080      0.0523
     0.3856      0.1802      0.0094      0.0738
     0.3856      0.1896     -0.0337      0.0587
     0.3856      0.1991     -0.0184      0.0714
     0.3856      0.2085     -0.2384      0.1293
     0.3856      0.2180     -0.0969      0.0967
     0.3856      0.2274      0.0091      0.1399
     0.4338      0.0480      0.0500      0.0397
     0.4338      0.0574      0.0477      0.0300
     0.4338      0.0669     -0.0118      0.0268
     0.4338      0.0763     -0.0266      0.0292
     0.4338      0.0858      0.0823      0.0505
     0.4338      0.0952     -0.0020      0.0281
     0.4338      0.1046     -0.0242      0.0289
     0.4338      0.1141     -0.0112      0.0447
     0.4338      0.1235      0.0203      0.0344
     0.4338      0.1330     -0.0072      0.0348
     0.4338      0.1424     -0.0176      0.0446
     0.4338      0.1519      0.0289      0.0408
     0.4338      0.1613     -0.0446      0.0496
     0.4338      0.1707      0.0125      0.0519
     0.4338      0.1802      0.0980      0.0686
     0.4338      0.1896      0.0231      0.0603
     0.4338      0.1991      0.0375      0.0615
     0.4338      0.2085     -0.1133      0.1245
     0.4338      0.2180      0.0021      0.1059
     0.4338      0.2274     -0.1292      0.1569
