# Cylindrically averaged Power Spectra n_kper=20, n_kpar=9
# k_par (h cMpc^-1), k_per (h cMpc^-1), P (K^2 h^-3 cMpc^3), P_err (K^2 h^-3 cMpc^3)
# 
     0.0482      0.0480     -0.1775      0.5495
     0.0482      0.0574      0.0287      0.3830
     0.0482      0.0669      0.2923      0.4534
     0.0482      0.0763      0.5675      0.3508
     0.0482      0.0858      0.1749      0.3798
     0.0482      0.0952      0.1744      0.3384
     0.0482      0.1046      0.1048      0.3507
     0.0482      0.1141     -0.6346      0.4163
     0.0482      0.1235      0.6321      0.3213
     0.0482      0.1330      0.2688      0.5121
     0.0482      0.1424      0.2427      0.4564
     0.0482      0.1519      0.4695      0.4703
     0.0482      0.1613      0.5069      0.5466
     0.0482      0.1707      0.3730      0.5127
     0.0482      0.1802      1.3991      0.7753
     0.0482      0.1896      0.1055      0.7092
     0.0482      0.1991      1.0062      0.7554
     0.0482      0.2085      1.3809      1.2501
     0.0482      0.2180      1.2804      1.1745
     0.0482      0.2274      1.2962      1.9701
     0.0964      0.0480     -0.1026      0.4185
     0.0964      0.0574     -0.2368      0.3568
     0.0964      0.0669     -0.5059      0.3806
     0.0964      0.0763      0.3979      0.3261
     0.0964      0.0858     -0.1991      0.4063
     0.0964      0.0952     -0.1323      0.3625
     0.0964      0.1046      0.5585      0.3827
     0.0964      0.1141     -0.4247      0.4398
     0.0964      0.1235      0.0417      0.3740
     0.0964      0.1330      0.0277      0.4322
     0.0964      0.1424      0.2006      0.3888
     0.0964      0.1519      0.3477      0.3798
     0.0964      0.1613     -0.5300      0.4846
     0.0964      0.1707     -0.1330      0.4258
     0.0964      0.1802      0.6224      0.6776
     0.0964      0.1896      0.3060      0.6335
     0.0964      0.1991     -0.2673      0.8142
     0.0964      0.2085     -1.2057      1.3057
     0.0964      0.2180      0.5769      1.1442
     0.0964      0.2274      1.9763      1.7809
     0.1446      0.0480      0.1319      0.3242
     0.1446      0.0574      0.2832      0.3100
     0.1446      0.0669     -0.0934      0.3182
     0.1446      0.0763      0.2724      0.2806
     0.1446      0.0858      0.0505      0.3435
     0.1446      0.0952      0.0828      0.3316
     0.1446      0.1046      0.0661      0.3015
     0.1446      0.1141     -0.4393      0.4286
     0.1446      0.1235      0.1481      0.3313
     0.1446      0.1330     -0.5576      0.4048
     0.1446      0.1424      0.2878      0.4834
     0.1446      0.1519     -0.6509      0.4788
     0.1446      0.1613      0.1249      0.5354
     0.1446      0.1707      0.2908      0.4978
     0.1446      0.1802     -0.9079      0.5596
     0.1446      0.1896      1.1736      0.6893
     0.1446      0.1991     -0.4008      0.7689
     0.1446      0.2085     -0.1887      1.0897
     0.1446      0.2180      1.1447      1.1105
     0.1446      0.2274     -0.8291      1.6549
     0.1928      0.0480      0.1107      0.5116
     0.1928      0.0574      0.3082      0.2552
     0.1928      0.0669     -0.0489      0.3486
     0.1928      0.0763      0.2727      0.3737
     0.1928      0.0858      0.0092      0.3001
     0.1928      0.0952     -0.1529      0.2657
     0.1928      0.1046      0.2808      0.3551
     0.1928      0.1141     -0.3602      0.4109
     0.1928      0.1235      0.6337      0.3332
     0.1928      0.1330      0.5425      0.4225
     0.1928      0.1424      0.1331      0.3671
     0.1928      0.1519     -0.3797      0.4195
     0.1928      0.1613      0.2269      0.4848
     0.1928      0.1707      0.0604      0.4591
     0.1928      0.1802     -0.6152      0.7954
     0.1928      0.1896      0.2346      0.6351
     0.1928      0.1991     -0.2322      0.6607
     0.1928      0.2085      0.2050      1.0866
     0.1928      0.2180      0.2347      1.1455
     0.1928      0.2274     -1.0729      1.8003
     0.2410      0.0480      0.1338      0.4547
     0.2410      0.0574      0.2528      0.2289
     0.2410      0.0669     -0.3243      0.3255
     0.2410      0.0763      0.4063      0.3049
     0.2410      0.0858     -0.1566      0.3102
     0.2410      0.0952     -0.3879      0.3605
     0.2410      0.1046      0.2696      0.3296
     0.2410      0.1141      0.1586      0.3470
     0.2410      0.1235      0.0746      0.3461
     0.2410      0.1330     -0.0902      0.4042
     0.2410      0.1424      0.3836      0.4626
     0.2410      0.1519     -0.1336      0.4425
     0.2410      0.1613      0.3145      0.4819
     0.2410      0.1707      0.6517      0.4983
     0.2410      0.1802      0.5403      0.7216
     0.2410      0.1896      0.0913      0.5182
     0.2410      0.1991      0.1312      0.6670
     0.2410      0.2085      0.3256      1.1760
     0.2410      0.2180      1.3559      1.0402
     0.2410      0.2274     -2.8720      1.8356
     0.2892      0.0480     -0.0688      0.3170
     0.2892      0.0574      0.5081      0.2822
     0.2892      0.0669     -0.5245      0.3685
     0.2892      0.0763      0.2705      0.2904
     0.2892      0.0858      0.1727      0.4090
     0.2892      0.0952      0.4748      0.3288
     0.2892      0.1046      0.2839      0.3972
     0.2892      0.1141     -0.2405      0.3259
     0.2892      0.1235      0.1725      0.3480
     0.2892      0.1330      0.0082      0.3671
     0.2892      0.1424     -0.1044      0.4437
     0.2892      0.1519     -0.8625      0.4597
     0.2892      0.1613     -0.0256      0.4597
     0.2892      0.1707     -0.1217      0.5021
     0.2892      0.1802      0.2250      0.6259
     0.2892      0.1896     -0.3557      0.6148
     0.2892      0.1991      0.4367      0.7375
     0.2892      0.2085     -0.8188      0.9281
     0.2892      0.2180     -0.1401      0.8457
     0.2892      0.2274      2.5799      1.5267
     0.3374      0.0480      0.1220      0.6796
     0.3374      0.0574      0.0070      0.2861
     0.3374      0.0669     -0.0832      0.4109
     0.3374      0.0763      0.2887      0.2762
     0.3374      0.0858      0.2079      0.3896
     0.3374      0.0952      0.2308      0.2758
     0.3374      0.1046      0.0986      0.2305
     0.3374      0.1141      0.2791      0.3227
     0.3374      0.1235     -0.1923      0.3028
     0.3374      0.1330     -0.0568      0.3850
     0.3374      0.1424      0.2955      0.3987
     0.3374      0.1519     -0.8237      0.4488
     0.3374      0.1613      0.6163      0.4604
     0.3374      0.1707     -0.5603      0.5226
     0.3374      0.1802     -0.3447      0.5490
     0.3374      0.1896      0.7280      0.6123
     0.3374      0.1991     -0.3213      0.7690
     0.3374      0.2085      1.2072      1.0803
     0.3374      0.2180      0.1793      0.9537
     0.3374      0.2274     -2.6396      1.6920
     0.3856      0.0480      0.3367      0.4077
     0.3856      0.0574      0.2289      0.3543
     0.3856      0.0669      0.2004      0.3149
     0.3856      0.0763      0.3084      0.3194
     0.3856      0.0858      0.5510      0.3610
     0.3856      0.0952     -0.6321      0.3483
     0.3856      0.1046     -0.5673      0.3807
     0.3856      0.1141     -0.1476      0.3861
     0.3856      0.1235      0.1294      0.3376
     0.3856      0.1330     -0.0149      0.4018
     0.3856      0.1424     -0.2377      0.4105
     0.3856      0.1519     -0.0998      0.3987
     0.3856      0.1613     -0.5410      0.4509
     0.3856      0.1707     -0.5728      0.4604
     0.3856      0.1802      0.4423      0.7300
     0.3856      0.1896      0.3701      0.6353
     0.3856      0.1991      0.7865      0.7996
     0.3856      0.2085      3.3315      1.2410
     0.3856      0.2180     -0.7601      1.1773
     0.3856      0.2274      1.8558      1.2669
     0.4338      0.0480     -0.3951      0.4499
     0.4338      0.0574      0.0726      0.2265
     0.4338      0.0669     -0.5069      0.3355
     0.4338      0.0763     -0.2132      0.2876
     0.4338      0.0858     -0.2342      0.4393
     0.4338      0.0952      0.3741      0.3465
     0.4338      0.1046      0.3084      0.3850
     0.4338      0.1141      0.5063      0.4009
     0.4338      0.1235     -0.0589      0.2910
     0.4338      0.1330      0.4873      0.3466
     0.4338      0.1424      0.4865      0.3803
     0.4338      0.1519      0.0975      0.3773
     0.4338      0.1613     -0.5119      0.4617
     0.4338      0.1707     -0.7757      0.6401
     0.4338      0.1802     -0.6733      0.6778
     0.4338      0.1896      0.0913      0.6518
     0.4338      0.1991     -0.2216      0.7382
     0.4338      0.2085      0.3814      1.2290
     0.4338      0.2180      0.3329      0.9341
     0.4338      0.2274      0.5587      2.0424
