# Cylindrically averaged Power Spectra n_kper=20, n_kpar=9
# k_par (h cMpc^-1), k_per (h cMpc^-1), P (K^2 h^-3 cMpc^3), P_err (K^2 h^-3 cMpc^3)
# 
     0.0482      0.0480      0.0183      0.0113
     0.0482      0.0574      0.0301      0.0079
     0.0482      0.0669      0.0357      0.0104
     0.0482      0.0763      0.0294      0.0072
     0.0482      0.0858      0.0321      0.0094
     0.0482      0.0952      0.0501      0.0113
     0.0482      0.1046      0.0396      0.0102
     0.0482      0.1141      0.0366      0.0100
     0.0482      0.1235      0.0499      0.0095
     0.0482      0.1330      0.0457      0.0097
     0.0482      0.1424      0.0310      0.0080
     0.0482      0.1519      0.0179      0.0068
     0.0482      0.1613      0.0188      0.0073
     0.0482      0.1707      0.0272      0.0083
     0.0482      0.1802      0.0187      0.0094
     0.0482      0.1896      0.0139      0.0086
     0.0482      0.1991      0.0194      0.0098
     0.0482      0.2085      0.0760      0.0198
     0.0482      0.2180      0.0402      0.0137
     0.0482      0.2274      0.0681      0.0258
     0.0964      0.0480      0.0395      0.0171
     0.0964      0.0574      0.0282      0.0078
     0.0964      0.0669      0.0403      0.0112
     0.0964      0.0763      0.0267      0.0076
     0.0964      0.0858      0.0193      0.0071
     0.0964      0.0952      0.0313      0.0088
     0.0964      0.1046      0.0356      0.0080
     0.0964      0.1141      0.0206      0.0078
     0.0964      0.1235      0.0311      0.0065
     0.0964      0.1330      0.0286      0.0076
     0.0964      0.1424      0.0357      0.0080
     0.0964      0.1519      0.0229      0.0069
     0.0964      0.1613      0.0120      0.0056
     0.0964      0.1707      0.0200      0.0066
     0.0964      0.1802      0.0187      0.0083
     0.0964      0.1896      0.0240      0.0089
     0.0964      0.1991      0.0311      0.0096
     0.0964      0.2085      0.0240      0.0156
     0.0964      0.2180      0.0439      0.0126
     0.0964      0.2274      0.0598      0.0229
     0.1446      0.0480      0.0328      0.0169
     0.1446      0.0574      0.0188      0.0071
     0.1446      0.0669      0.0420      0.0123
     0.1446      0.0763      0.0210      0.0060
     0.1446      0.0858      0.0312      0.0077
     0.1446      0.0952      0.0286      0.0074
     0.1446      0.1046      0.0147      0.0064
     0.1446      0.1141      0.0287      0.0085
     0.1446      0.1235      0.0358      0.0078
     0.1446      0.1330      0.0234      0.0066
     0.1446      0.1424      0.0283      0.0076
     0.1446      0.1519      0.0124      0.0062
     0.1446      0.1613      0.0167      0.0070
     0.1446      0.1707      0.0220      0.0075
     0.1446      0.1802      0.0178      0.0078
     0.1446      0.1896      0.0260      0.0093
     0.1446      0.1991      0.0303      0.0104
     0.1446      0.2085      0.0336      0.0146
     0.1446      0.2180      0.0206      0.0123
     0.1446      0.2274      0.0446      0.0222
     0.1928      0.0480      0.0180      0.0089
     0.1928      0.0574      0.0145      0.0050
     0.1928      0.0669      0.0264      0.0091
     0.1928      0.0763      0.0264      0.0064
     0.1928      0.0858      0.0200      0.0056
     0.1928      0.0952      0.0205      0.0063
     0.1928      0.1046      0.0168      0.0060
     0.1928      0.1141      0.0216      0.0075
     0.1928      0.1235      0.0264      0.0057
     0.1928      0.1330      0.0232      0.0061
     0.1928      0.1424      0.0248      0.0072
     0.1928      0.1519      0.0224      0.0069
     0.1928      0.1613      0.0114      0.0067
     0.1928      0.1707      0.0066      0.0060
     0.1928      0.1802      0.0098      0.0079
     0.1928      0.1896      0.0194      0.0074
     0.1928      0.1991      0.0165      0.0089
     0.1928      0.2085      0.0171      0.0126
     0.1928      0.2180      0.0140      0.0120
     0.1928      0.2274      0.0447      0.0198
     0.2410      0.0480      0.0379      0.0157
     0.2410      0.0574      0.0133      0.0055
     0.2410      0.0669      0.0106      0.0050
     0.2410      0.0763      0.0130      0.0049
     0.2410      0.0858      0.0117      0.0053
     0.2410      0.0952      0.0190      0.0062
     0.2410      0.1046      0.0192      0.0054
     0.2410      0.1141      0.0202      0.0060
     0.2410      0.1235      0.0124      0.0049
     0.2410      0.1330      0.0170      0.0059
     0.2410      0.1424      0.0217      0.0063
     0.2410      0.1519      0.0056      0.0065
     0.2410      0.1613      0.0025      0.0054
     0.2410      0.1707      0.0193      0.0069
     0.2410      0.1802      0.0241      0.0076
     0.2410      0.1896      0.0179      0.0069
     0.2410      0.1991      0.0111      0.0086
     0.2410      0.2085      0.0134      0.0133
     0.2410      0.2180      0.0069      0.0123
     0.2410      0.2274      0.0366      0.0204
     0.2892      0.0480      0.0244      0.0106
     0.2892      0.0574      0.0061      0.0041
     0.2892      0.0669      0.0021      0.0045
     0.2892      0.0763      0.0113      0.0052
     0.2892      0.0858      0.0156      0.0060
     0.2892      0.0952      0.0175      0.0057
     0.2892      0.1046      0.0175      0.0055
     0.2892      0.1141      0.0227      0.0068
     0.2892      0.1235      0.0160      0.0045
     0.2892      0.1330      0.0158      0.0052
     0.2892      0.1424      0.0172      0.0078
     0.2892      0.1519      0.0199      0.0068
     0.2892      0.1613      0.0141      0.0062
     0.2892      0.1707      0.0181      0.0068
     0.2892      0.1802     -0.0031      0.0080
     0.2892      0.1896      0.0313      0.0089
     0.2892      0.1991      0.0125      0.0094
     0.2892      0.2085     -0.0131      0.0123
     0.2892      0.2180      0.0152      0.0111
     0.2892      0.2274      0.0211      0.0190
     0.3374      0.0480      0.0041      0.0073
     0.3374      0.0574      0.0130      0.0054
     0.3374      0.0669      0.0136      0.0066
     0.3374      0.0763      0.0150      0.0044
     0.3374      0.0858      0.0104      0.0054
     0.3374      0.0952      0.0189      0.0056
     0.3374      0.1046      0.0143      0.0057
     0.3374      0.1141      0.0183      0.0058
     0.3374      0.1235      0.0273      0.0059
     0.3374      0.1330      0.0194      0.0054
     0.3374      0.1424      0.0084      0.0059
     0.3374      0.1519      0.0099      0.0060
     0.3374      0.1613      0.0136      0.0068
     0.3374      0.1707      0.0258      0.0068
     0.3374      0.1802      0.0005      0.0084
     0.3374      0.1896      0.0200      0.0073
     0.3374      0.1991      0.0068      0.0068
     0.3374      0.2085     -0.0024      0.0129
     0.3374      0.2180      0.0046      0.0119
     0.3374      0.2274     -0.0108      0.0149
     0.3856      0.0480      0.0027      0.0063
     0.3856      0.0574      0.0077      0.0039
     0.3856      0.0669      0.0191      0.0062
     0.3856      0.0763      0.0109      0.0043
     0.3856      0.0858      0.0112      0.0040
     0.3856      0.0952      0.0116      0.0062
     0.3856      0.1046     -0.0021      0.0047
     0.3856      0.1141      0.0136      0.0067
     0.3856      0.1235      0.0106      0.0048
     0.3856      0.1330      0.0174      0.0059
     0.3856      0.1424      0.0178      0.0059
     0.3856      0.1519      0.0199      0.0068
     0.3856      0.1613      0.0162      0.0072
     0.3856      0.1707      0.0277      0.0072
     0.3856      0.1802      0.0147      0.0075
     0.3856      0.1896      0.0143      0.0061
     0.3856      0.1991     -0.0025      0.0078
     0.3856      0.2085      0.0290      0.0113
     0.3856      0.2180      0.0080      0.0115
     0.3856      0.2274      0.0219      0.0218
     0.4338      0.0480      0.0098      0.0061
     0.4338      0.0574      0.0064      0.0040
     0.4338      0.0669      0.0051      0.0049
     0.4338      0.0763      0.0146      0.0047
     0.4338      0.0858     -0.0010      0.0054
     0.4338      0.0952      0.0069      0.0045
     0.4338      0.1046      0.0111      0.0045
     0.4338      0.1141      0.0152      0.0061
     0.4338      0.1235      0.0162      0.0050
     0.4338      0.1330      0.0057      0.0048
     0.4338      0.1424      0.0219      0.0071
     0.4338      0.1519      0.0007      0.0061
     0.4338      0.1613      0.0163      0.0068
     0.4338      0.1707      0.0094      0.0061
     0.4338      0.1802      0.0264      0.0083
     0.4338      0.1896      0.0110      0.0072
     0.4338      0.1991      0.0162      0.0086
     0.4338      0.2085      0.0200      0.0124
     0.4338      0.2180      0.0114      0.0117
     0.4338      0.2274     -0.0084      0.0174
