# Cylindrically averaged Power Spectra n_kper=20, n_kpar=9
# k_par (h cMpc^-1), k_per (h cMpc^-1), P (K^2 h^-3 cMpc^3), P_err (K^2 h^-3 cMpc^3)
# 
     0.0482      0.0480 274069.5312  97270.3647
     0.0482      0.0574 205343.1567  42090.5956
     0.0482      0.0669 114275.7634  25596.7661
     0.0482      0.0763  97337.2836  17296.9708
     0.0482      0.0858  96241.2062  19738.1513
     0.0482      0.0952  52255.0307   9288.9501
     0.0482      0.1046  53537.2966   9006.6244
     0.0482      0.1141  24415.8114   4663.8334
     0.0482      0.1235  45419.9690   6338.0497
     0.0482      0.1330  32457.7608   4741.7259
     0.0482      0.1424  24295.3598   3733.0316
     0.0482      0.1519  21387.8606   3006.3840
     0.0482      0.1613  27524.4482   3878.2231
     0.0482      0.1707  24525.6930   3128.1355
     0.0482      0.1802  16208.2202   2395.5315
     0.0482      0.1896  28339.0667   3446.8075
     0.0482      0.1991  33128.4425   3901.0191
     0.0482      0.2085  13837.0023   2069.6537
     0.0482      0.2180  34572.3858   4178.6722
     0.0482      0.2274  68914.2290  10792.1960
     0.0964      0.0480   4323.5077   1534.4618
     0.0964      0.0574   3255.0659    667.2132
     0.0964      0.0669   1808.0286    404.9827
     0.0964      0.0763   1548.1905    275.1156
     0.0964      0.0858   1521.1571    311.9749
     0.0964      0.0952    836.9654    148.7810
     0.0964      0.1046    849.3447    142.8864
     0.0964      0.1141    386.3974     73.8086
     0.0964      0.1235    724.0694    101.0396
     0.0964      0.1330    520.5222     76.0428
     0.0964      0.1424    397.4404     61.0678
     0.0964      0.1519    344.7031     48.4536
     0.0964      0.1613    437.5664     61.6536
     0.0964      0.1707    387.4682     49.4198
     0.0964      0.1802    263.5280     38.9499
     0.0964      0.1896    455.6596     55.4209
     0.0964      0.1991    533.9013     62.8693
     0.0964      0.2085    228.0800     34.1153
     0.0964      0.2180    547.5029     66.1752
     0.0964      0.2274   1129.0890    176.8191
     0.1446      0.0480      0.0611      0.0217
     0.1446      0.0574      0.0417      0.0086
     0.1446      0.0669      0.0266      0.0060
     0.1446      0.0763      0.0278      0.0050
     0.1446      0.0858      0.0238      0.0049
     0.1446      0.0952      0.0202      0.0036
     0.1446      0.1046      0.0212      0.0036
     0.1446      0.1141      0.0111      0.0021
     0.1446      0.1235      0.0185      0.0026
     0.1446      0.1330      0.0184      0.0027
     0.1446      0.1424      0.0445      0.0070
     0.1446      0.1519      0.0692      0.0098
     0.1446      0.1613      0.0923      0.0130
     0.1446      0.1707      0.1159      0.0148
     0.1446      0.1802      0.1181      0.0175
     0.1446      0.1896      0.1665      0.0203
     0.1446      0.1991      0.2271      0.0267
     0.1446      0.2085      0.2862      0.0428
     0.1446      0.2180      0.3805      0.0460
     0.1446      0.2274      0.5448      0.0853
     0.1928      0.0480      0.4264      0.1513
     0.1928      0.0574      0.3279      0.0672
     0.1928      0.0669      0.1845      0.0413
     0.1928      0.0763      0.1558      0.0277
     0.1928      0.0858      0.1519      0.0311
     0.1928      0.0952      0.0844      0.0150
     0.1928      0.1046      0.0859      0.0144
     0.1928      0.1141      0.0381      0.0073
     0.1928      0.1235      0.0742      0.0104
     0.1928      0.1330      0.0536      0.0078
     0.1928      0.1424      0.0415      0.0064
     0.1928      0.1519      0.0337      0.0047
     0.1928      0.1613      0.0506      0.0071
     0.1928      0.1707      0.0459      0.0059
     0.1928      0.1802      0.0267      0.0040
     0.1928      0.1896      0.0534      0.0065
     0.1928      0.1991      0.0623      0.0073
     0.1928      0.2085      0.0313      0.0047
     0.1928      0.2180      0.0816      0.0099
     0.1928      0.2274      0.1552      0.0243
     0.2410      0.0480      0.2365      0.0840
     0.2410      0.0574      0.1802      0.0369
     0.2410      0.0669      0.1012      0.0227
     0.2410      0.0763      0.0855      0.0152
     0.2410      0.0858      0.0841      0.0173
     0.2410      0.0952      0.0460      0.0082
     0.2410      0.1046      0.0471      0.0079
     0.2410      0.1141      0.0211      0.0040
     0.2410      0.1235      0.0405      0.0056
     0.2410      0.1330      0.0291      0.0042
     0.2410      0.1424      0.0215      0.0033
     0.2410      0.1519      0.0182      0.0026
     0.2410      0.1613      0.0260      0.0037
     0.2410      0.1707      0.0234      0.0030
     0.2410      0.1802      0.0143      0.0021
     0.2410      0.1896      0.0276      0.0034
     0.2410      0.1991      0.0329      0.0039
     0.2410      0.2085      0.0136      0.0020
     0.2410      0.2180      0.0378      0.0046
     0.2410      0.2274      0.0805      0.0126
     0.2892      0.0480      0.1113      0.0395
     0.2892      0.0574      0.0844      0.0173
     0.2892      0.0669      0.0473      0.0106
     0.2892      0.0763      0.0400      0.0071
     0.2892      0.0858      0.0395      0.0081
     0.2892      0.0952      0.0215      0.0038
     0.2892      0.1046      0.0220      0.0037
     0.2892      0.1141      0.0099      0.0019
     0.2892      0.1235      0.0189      0.0026
     0.2892      0.1330      0.0135      0.0020
     0.2892      0.1424      0.0100      0.0015
     0.2892      0.1519      0.0086      0.0012
     0.2892      0.1613      0.0120      0.0017
     0.2892      0.1707      0.0107      0.0014
     0.2892      0.1802      0.0067      0.0010
     0.2892      0.1896      0.0126      0.0015
     0.2892      0.1991      0.0150      0.0018
     0.2892      0.2085      0.0062      0.0009
     0.2892      0.2180      0.0171      0.0021
     0.2892      0.2274      0.0355      0.0056
     0.3374      0.0480      0.0486      0.0173
     0.3374      0.0574      0.0367      0.0075
     0.3374      0.0669      0.0206      0.0046
     0.3374      0.0763      0.0174      0.0031
     0.3374      0.0858      0.0172      0.0035
     0.3374      0.0952      0.0093      0.0017
     0.3374      0.1046      0.0096      0.0016
     0.3374      0.1141      0.0043      0.0008
     0.3374      0.1235      0.0082      0.0011
     0.3374      0.1330      0.0059      0.0009
     0.3374      0.1424      0.0043      0.0007
     0.3374      0.1519      0.0038      0.0005
     0.3374      0.1613      0.0052      0.0007
     0.3374      0.1707      0.0046      0.0006
     0.3374      0.1802      0.0029      0.0004
     0.3374      0.1896      0.0054      0.0007
     0.3374      0.1991      0.0064      0.0008
     0.3374      0.2085      0.0027      0.0004
     0.3374      0.2180      0.0073      0.0009
     0.3374      0.2274      0.0149      0.0023
     0.3856      0.0480      0.0180      0.0064
     0.3856      0.0574      0.0136      0.0028
     0.3856      0.0669      0.0076      0.0017
     0.3856      0.0763      0.0064      0.0011
     0.3856      0.0858      0.0064      0.0013
     0.3856      0.0952      0.0035      0.0006
     0.3856      0.1046      0.0036      0.0006
     0.3856      0.1141      0.0016      0.0003
     0.3856      0.1235      0.0030      0.0004
     0.3856      0.1330      0.0022      0.0003
     0.3856      0.1424      0.0016      0.0002
     0.3856      0.1519      0.0014      0.0002
     0.3856      0.1613      0.0019      0.0003
     0.3856      0.1707      0.0017      0.0002
     0.3856      0.1802      0.0011      0.0002
     0.3856      0.1896      0.0020      0.0002
     0.3856      0.1991      0.0024      0.0003
     0.3856      0.2085      0.0010      0.0001
     0.3856      0.2180      0.0027      0.0003
     0.3856      0.2274      0.0054      0.0008
     0.4338      0.0480      0.0041      0.0014
     0.4338      0.0574      0.0031      0.0006
     0.4338      0.0669      0.0017      0.0004
     0.4338      0.0763      0.0015      0.0003
     0.4338      0.0858      0.0014      0.0003
     0.4338      0.0952      0.0008      0.0001
     0.4338      0.1046      0.0008      0.0001
     0.4338      0.1141      0.0004      0.0001
     0.4338      0.1235      0.0007      0.0001
     0.4338      0.1330      0.0005      0.0001
     0.4338      0.1424      0.0004      0.0001
     0.4338      0.1519      0.0003      0.0000
     0.4338      0.1613      0.0004      0.0001
     0.4338      0.1707      0.0004      0.0000
     0.4338      0.1802      0.0002      0.0000
     0.4338      0.1896      0.0004      0.0001
     0.4338      0.1991      0.0005      0.0001
     0.4338      0.2085      0.0002      0.0000
     0.4338      0.2180      0.0006      0.0001
     0.4338      0.2274      0.0012      0.0002
