# Cylindrically averaged Power Spectra n_kper=20, n_kpar=9
# k_par (h cMpc^-1), k_per (h cMpc^-1), P (K^2 h^-3 cMpc^3), P_err (K^2 h^-3 cMpc^3)
# 
     0.0482      0.0480 274226.9389  97326.2320
     0.0482      0.0574 205423.7154  42107.1081
     0.0482      0.0669 114303.5922  25602.9995
     0.0482      0.0763  97369.2253  17302.6469
     0.0482      0.0858  96169.5492  19723.4545
     0.0482      0.0952  52243.0914   9286.8270
     0.0482      0.1046  53538.9672   9006.9052
     0.0482      0.1141  24370.5952   4655.1963
     0.0482      0.1235  45467.3467   6344.6597
     0.0482      0.1330  32463.9537   4742.6305
     0.0482      0.1424  24274.6100   3729.8428
     0.0482      0.1519  21404.1508   3008.6726
     0.0482      0.1613  27518.7053   3877.4139
     0.0482      0.1707  24555.3809   3131.9218
     0.0482      0.1802  16220.7532   2397.3834
     0.0482      0.1896  28388.0423   3452.7643
     0.0482      0.1991  33114.2348   3899.3461
     0.0482      0.2085  13828.4512   2068.3736
     0.0482      0.2180  34569.4883   4178.3220
     0.0482      0.2274  68935.3718  10795.5059
     0.0964      0.0480   4335.2447   1538.6290
     0.0964      0.0574   3265.5012    669.3523
     0.0964      0.0669   1811.3564    405.7280
     0.0964      0.0763   1551.2464    275.6587
     0.0964      0.0858   1515.7255    310.8608
     0.0964      0.0952    838.6696    149.0835
     0.0964      0.1046    850.9102    143.1496
     0.0964      0.1141    384.7725     73.4982
     0.0964      0.1235    726.5006    101.3782
     0.0964      0.1330    521.6137     76.2021
     0.0964      0.1424    397.1735     61.0265
     0.0964      0.1519    344.9128     48.4827
     0.0964      0.1613    438.9874     61.8538
     0.0964      0.1707    389.8389     49.7221
     0.0964      0.1802    264.4507     39.0852
     0.0964      0.1896    459.3178     55.8656
     0.0964      0.1991    532.9720     62.7598
     0.0964      0.2085    227.6902     34.0566
     0.0964      0.2180    547.5244     66.1779
     0.0964      0.2274   1130.8689    177.0983
     0.1446      0.0480      0.0643      0.0229
     0.1446      0.0574      0.0472      0.0097
     0.1446      0.0669      0.0300      0.0067
     0.1446      0.0763      0.0309      0.0055
     0.1446      0.0858      0.0191      0.0039
     0.1446      0.0952      0.0229      0.0041
     0.1446      0.1046      0.0222      0.0038
     0.1446      0.1141      0.0117      0.0022
     0.1446      0.1235      0.0244      0.0034
     0.1446      0.1330      0.0240      0.0035
     0.1446      0.1424      0.0402      0.0062
     0.1446      0.1519      0.0475      0.0067
     0.1446      0.1613      0.0484      0.0068
     0.1446      0.1707      0.0860      0.0110
     0.1446      0.1802      0.0824      0.0122
     0.1446      0.1896      0.1370      0.0167
     0.1446      0.1991      0.1881      0.0221
     0.1446      0.2085      0.2450      0.0367
     0.1446      0.2180      0.3068      0.0371
     0.1446      0.2274      0.5214      0.0817
     0.1928      0.0480      0.4270      0.1515
     0.1928      0.0574      0.3284      0.0673
     0.1928      0.0669      0.1849      0.0414
     0.1928      0.0763      0.1561      0.0277
     0.1928      0.0858      0.1523      0.0312
     0.1928      0.0952      0.0844      0.0150
     0.1928      0.1046      0.0859      0.0145
     0.1928      0.1141      0.0381      0.0073
     0.1928      0.1235      0.0742      0.0104
     0.1928      0.1330      0.0538      0.0079
     0.1928      0.1424      0.0401      0.0062
     0.1928      0.1519      0.0335      0.0047
     0.1928      0.1613      0.0498      0.0070
     0.1928      0.1707      0.0442      0.0056
     0.1928      0.1802      0.0265      0.0039
     0.1928      0.1896      0.0533      0.0065
     0.1928      0.1991      0.0636      0.0075
     0.1928      0.2085      0.0276      0.0041
     0.1928      0.2180      0.0752      0.0091
     0.1928      0.2274      0.1635      0.0256
     0.2410      0.0480      0.2369      0.0841
     0.2410      0.0574      0.1805      0.0370
     0.2410      0.0669      0.1014      0.0227
     0.2410      0.0763      0.0857      0.0152
     0.2410      0.0858      0.0842      0.0173
     0.2410      0.0952      0.0461      0.0082
     0.2410      0.1046      0.0472      0.0079
     0.2410      0.1141      0.0211      0.0040
     0.2410      0.1235      0.0405      0.0057
     0.2410      0.1330      0.0291      0.0043
     0.2410      0.1424      0.0216      0.0033
     0.2410      0.1519      0.0185      0.0026
     0.2410      0.1613      0.0262      0.0037
     0.2410      0.1707      0.0234      0.0030
     0.2410      0.1802      0.0144      0.0021
     0.2410      0.1896      0.0277      0.0034
     0.2410      0.1991      0.0329      0.0039
     0.2410      0.2085      0.0138      0.0021
     0.2410      0.2180      0.0381      0.0046
     0.2410      0.2274      0.0805      0.0126
     0.2892      0.0480      0.1115      0.0396
     0.2892      0.0574      0.0845      0.0173
     0.2892      0.0669      0.0474      0.0106
     0.2892      0.0763      0.0401      0.0071
     0.2892      0.0858      0.0395      0.0081
     0.2892      0.0952      0.0215      0.0038
     0.2892      0.1046      0.0221      0.0037
     0.2892      0.1141      0.0099      0.0019
     0.2892      0.1235      0.0189      0.0026
     0.2892      0.1330      0.0135      0.0020
     0.2892      0.1424      0.0100      0.0015
     0.2892      0.1519      0.0087      0.0012
     0.2892      0.1613      0.0121      0.0017
     0.2892      0.1707      0.0107      0.0014
     0.2892      0.1802      0.0067      0.0010
     0.2892      0.1896      0.0127      0.0015
     0.2892      0.1991      0.0150      0.0018
     0.2892      0.2085      0.0063      0.0009
     0.2892      0.2180      0.0171      0.0021
     0.2892      0.2274      0.0356      0.0056
     0.3374      0.0480      0.0487      0.0173
     0.3374      0.0574      0.0368      0.0075
     0.3374      0.0669      0.0206      0.0046
     0.3374      0.0763      0.0174      0.0031
     0.3374      0.0858      0.0172      0.0035
     0.3374      0.0952      0.0093      0.0017
     0.3374      0.1046      0.0096      0.0016
     0.3374      0.1141      0.0043      0.0008
     0.3374      0.1235      0.0082      0.0011
     0.3374      0.1330      0.0059      0.0009
     0.3374      0.1424      0.0043      0.0007
     0.3374      0.1519      0.0038      0.0005
     0.3374      0.1613      0.0052      0.0007
     0.3374      0.1707      0.0046      0.0006
     0.3374      0.1802      0.0029      0.0004
     0.3374      0.1896      0.0055      0.0007
     0.3374      0.1991      0.0064      0.0008
     0.3374      0.2085      0.0027      0.0004
     0.3374      0.2180      0.0073      0.0009
     0.3374      0.2274      0.0150      0.0023
     0.3856      0.0480      0.0181      0.0064
     0.3856      0.0574      0.0136      0.0028
     0.3856      0.0669      0.0076      0.0017
     0.3856      0.0763      0.0065      0.0011
     0.3856      0.0858      0.0064      0.0013
     0.3856      0.0952      0.0035      0.0006
     0.3856      0.1046      0.0036      0.0006
     0.3856      0.1141      0.0016      0.0003
     0.3856      0.1235      0.0030      0.0004
     0.3856      0.1330      0.0022      0.0003
     0.3856      0.1424      0.0016      0.0002
     0.3856      0.1519      0.0014      0.0002
     0.3856      0.1613      0.0019      0.0003
     0.3856      0.1707      0.0017      0.0002
     0.3856      0.1802      0.0011      0.0002
     0.3856      0.1896      0.0020      0.0002
     0.3856      0.1991      0.0024      0.0003
     0.3856      0.2085      0.0010      0.0001
     0.3856      0.2180      0.0027      0.0003
     0.3856      0.2274      0.0054      0.0009
     0.4338      0.0480      0.0041      0.0014
     0.4338      0.0574      0.0031      0.0006
     0.4338      0.0669      0.0017      0.0004
     0.4338      0.0763      0.0015      0.0003
     0.4338      0.0858      0.0014      0.0003
     0.4338      0.0952      0.0008      0.0001
     0.4338      0.1046      0.0008      0.0001
     0.4338      0.1141      0.0004      0.0001
     0.4338      0.1235      0.0007      0.0001
     0.4338      0.1330      0.0005      0.0001
     0.4338      0.1424      0.0004      0.0001
     0.4338      0.1519      0.0003      0.0000
     0.4338      0.1613      0.0004      0.0001
     0.4338      0.1707      0.0004      0.0000
     0.4338      0.1802      0.0002      0.0000
     0.4338      0.1896      0.0005      0.0001
     0.4338      0.1991      0.0005      0.0001
     0.4338      0.2085      0.0002      0.0000
     0.4338      0.2180      0.0006      0.0001
     0.4338      0.2274      0.0012      0.0002
