k_par k_perp ps_2d err_sample_variance err_thermal_noise
0.06985973156544303 0.051028 0.09090902498543363 0.017752109458682032 0.2918408888814922
0.06985973156544303 0.058283999999999996 0.09742372679333627 0.01411002773226948 0.2711697244826196
0.06985973156544303 0.06554 0.13070259180993005 0.012553417022341442 0.26494886766127107
0.06985973156544303 0.072796 0.07857009886042671 0.007523291383017259 0.20595722624064222
0.06985973156544303 0.080052 0.1296320071880473 0.011838234960834136 0.21430162418459076
0.06985973156544303 0.087308 0.09827605573701106 0.011994370237488231 0.2212440811815227
0.06985973156544303 0.09456400000000001 0.09565648143007549 0.010477842090880074 0.22598952552775892
0.06985973156544303 0.10182 0.10160020731427721 0.012534951378548948 0.17922939483241862
0.06985973156544303 0.109076 0.06594081410751984 0.0050986798697472665 0.1837238443421212
0.06985973156544303 0.11633199999999999 0.03711547302713017 0.007682577978477639 0.19377375078819467
0.06985973156544303 0.123588 0.06279687197437392 0.005933693691345821 0.16677631835123996
0.06985973156544303 0.13084400000000002 0.041871508342205016 0.004329639516933297 0.14713739197863085
0.06985973156544303 0.1381 0.05078082897296973 0.006947881840684679 0.15015804038186895
0.06985973156544303 0.145356 0.06404259361087053 0.0041250939589418485 0.13618566019802994
0.06985973156544303 0.152612 0.013634442746447262 0.0028685147954487715 0.1227307491123946
0.06985973156544303 0.159868 0.019027932447594736 0.0028595476985505035 0.1267285870936783
0.06985973156544303 0.167124 0.010626096545287317 0.002429503343794766 0.10164977686860045
0.06985973156544303 0.17438 0.013434114898500854 0.0015960433693913666 0.09169567145469282
0.06985973156544303 0.18163600000000002 0.02076760446717134 0.0011772490243171973 0.08193439526904303
0.06985973156544303 0.188892 0.0008729472089961943 0.0015840965880540353 0.08272941509710142
0.06985973156544303 0.196148 -0.004542570440881716 0.0010623255029558586 0.08222213207103149
0.06985973156544303 0.203404 -0.004320910969448019 0.0009392151000402686 0.07286630622078981
0.06985973156544303 0.21066000000000001 -0.005111445288853808 0.0009030960456742026 0.062189950677935014
0.06985973156544303 0.217916 0.0019661257374787994 0.00083244608945273 0.0515138542278926
0.06985973156544303 0.225172 0.0008340542422819452 0.0006786700051896092 0.045184354412310127
0.11322094426123525 0.051028 0.23360230113489944 0.03183639380720103 0.25755735397749385
0.11322094426123525 0.058283999999999996 0.15646853198863525 0.015169537763269956 0.2654247100885682
0.11322094426123525 0.06554 0.15483550537654714 0.015280362756706262 0.23595219808434512
0.11322094426123525 0.072796 0.1353416933975763 0.017488411410212363 0.24829399796951346
0.11322094426123525 0.080052 0.11032789993449116 0.012243071159280257 0.19993287648190744
0.11322094426123525 0.087308 0.11219764486109007 0.01046424811335013 0.19245935043684076
0.11322094426123525 0.09456400000000001 0.05390207274201242 0.0104013426842428 0.21770660199010156
0.11322094426123525 0.10182 0.08206521981583134 0.006384112515616976 0.1862456556026094
0.11322094426123525 0.109076 0.08905403845124824 0.007075563785355774 0.19269694625902709
0.11322094426123525 0.11633199999999999 0.033350660858862596 0.005682677197104174 0.18808910157854875
0.11322094426123525 0.123588 0.06159611191755157 0.004112445474069029 0.1773496634321868
0.11322094426123525 0.13084400000000002 0.05532238122309879 0.00637309290711868 0.15196836688236573
0.11322094426123525 0.1381 0.048371986773278114 0.003978878696873706 0.14292699668406456
0.11322094426123525 0.145356 0.039857959108671126 0.004054519820003588 0.1433438070321535
0.11322094426123525 0.152612 0.04290516457899285 0.004405966698388254 0.1258942628975778
0.11322094426123525 0.159868 0.020869075201182197 0.002820375883852512 0.1234783848130814
0.11322094426123525 0.167124 0.02441799474976944 0.0024522258855623155 0.09447444519700467
0.11322094426123525 0.17438 0.0024123176055907275 0.0017278375737461854 0.10073579436951749
0.11322094426123525 0.18163600000000002 0.009620568096019827 0.0017749282465215918 0.08945852348921247
0.11322094426123525 0.188892 0.00109086165073137 0.0017477889721577273 0.08560302197928886
0.11322094426123525 0.196148 0.001863978235004976 0.0010366955422689448 0.07728152378111439
0.11322094426123525 0.203404 0.012590986820342417 0.001233066409408299 0.06414776209418614
0.11322094426123525 0.21066000000000001 0.0030429272106807168 0.0005809304468070185 0.06228328485625229
0.11322094426123525 0.217916 0.0018987205220477518 0.0009843902854314043 0.05207943803854911
0.11322094426123525 0.225172 0.009977458999512821 0.0007300838139496366 0.04184554863727127
0.15658215695702749 0.051028 0.14533330837730318 0.020235636438938272 0.2741445210413076
0.15658215695702749 0.058283999999999996 0.0775565500225639 0.012824671867978739 0.26733925638969097
0.15658215695702749 0.06554 0.08365103793735412 0.013538220614658227 0.25063424618692015
0.15658215695702749 0.072796 0.05036179202108862 0.008921667012955698 0.24210773358365759
0.15658215695702749 0.080052 0.10825861220131627 0.008153975307689465 0.19320310086244719
0.15658215695702749 0.087308 0.08113514142477563 0.006347720198477142 0.18086445111904725
0.15658215695702749 0.09456400000000001 0.042825339267905355 0.004848327615600371 0.1934755496733654
0.15658215695702749 0.10182 0.0884744116420835 0.008055879099695103 0.1763859321826102
0.15658215695702749 0.109076 0.058034606666119704 0.006767926144161574 0.1729617256073239
0.15658215695702749 0.11633199999999999 0.02877185150095507 0.0049165779953686635 0.19065561672646758
0.15658215695702749 0.123588 0.05436118407137702 0.009132951317841071 0.1747217170604829
0.15658215695702749 0.13084400000000002 0.060577125897770645 0.00675275054645032 0.15668825550802534
0.15658215695702749 0.1381 0.029516705581639907 0.004062215505903775 0.14504507795079638
0.15658215695702749 0.145356 0.023028205617633135 0.004290422695581432 0.14887026323660704
0.15658215695702749 0.152612 0.04094343232093692 0.0036879850860219517 0.12201889604301341
0.15658215695702749 0.159868 0.03764028485915204 0.004333518883233996 0.11545738612046096
0.15658215695702749 0.167124 0.027593555377624673 0.0026224639502015813 0.09970966155830457
0.15658215695702749 0.17438 0.005765772367645111 0.001843369531498106 0.10005437799973114
0.15658215695702749 0.18163600000000002 0.02254314010609121 0.0017539639073727922 0.08849382483839201
0.15658215695702749 0.188892 0.0170762078974534 0.001678748398321447 0.07388307142256828
0.15658215695702749 0.196148 0.0003397897546374429 0.0014267377462197698 0.0793643015030212
0.15658215695702749 0.203404 -0.0006223157927027906 0.0011477361084996569 0.0695882261516346
0.15658215695702749 0.21066000000000001 -0.006252690110576539 0.0008781767090398467 0.06552965398251305
0.15658215695702749 0.217916 0.0015123963527404818 0.0009227780682825737 0.05232245086987463
0.15658215695702749 0.225172 0.0007964815111953794 0.0007001838435449222 0.047929329203170654
0.1999433696528197 0.051028 0.049023745148013775 0.011280784713099321 0.2669793891790936
0.1999433696528197 0.058283999999999996 0.07729521418332294 0.007859082839407998 0.22854357090281238
0.1999433696528197 0.06554 0.12752817027870586 0.008332951800860472 0.23570503099282455
0.1999433696528197 0.072796 0.09028614877224395 0.010189563222723588 0.23802255951102103
0.1999433696528197 0.080052 0.0817258249898441 0.011966900752052912 0.23675381696433762
0.1999433696528197 0.087308 0.10125294262969017 0.008723440139784308 0.21766743071875952
0.1999433696528197 0.09456400000000001 0.06835559745459377 0.006475220330018194 0.19469775997932745
0.1999433696528197 0.10182 0.038768413732517104 0.006801356261418117 0.21063712156885434
0.1999433696528197 0.109076 0.04404671696262652 0.00543482778177987 0.19554935355274636
0.1999433696528197 0.11633199999999999 0.024263154527046832 0.0046322833179289445 0.19339622337781748
0.1999433696528197 0.123588 0.040398818297563255 0.004116093437241906 0.17241409018864826
0.1999433696528197 0.13084400000000002 0.01660250285499143 0.0036655909274840646 0.17753920946026522
0.1999433696528197 0.1381 0.03075557629052547 0.003934366199944566 0.1506646619310721
0.1999433696528197 0.145356 0.045679668897370934 0.003601439969423229 0.1375210154963381
0.1999433696528197 0.152612 0.024642064088415322 0.0023446516432324284 0.12522366098186977
0.1999433696528197 0.159868 0.023448481705392543 0.00281091232736841 0.12647678678918614
0.1999433696528197 0.167124 0.010614141263619689 0.0017891302240812485 0.10970552977006923
0.1999433696528197 0.17438 0.016190292396666 0.0020625919404866962 0.09435095435407224
0.1999433696528197 0.18163600000000002 0.011936909591419784 0.0017125221918183361 0.08942908457269928
0.1999433696528197 0.188892 -0.001063733940396494 0.001504994174678584 0.08711276320132634
0.1999433696528197 0.196148 -0.0018018799391873591 0.0010095182392064299 0.07831930424008075
0.1999433696528197 0.203404 -0.0031156939258221994 0.0009784692246282867 0.06854934526013318
0.1999433696528197 0.21066000000000001 0.008841175311112212 0.0009872949185145035 0.05550783800542489
0.1999433696528197 0.217916 0.010196193484747477 0.0009455880982659745 0.04848371730632088
0.1999433696528197 0.225172 -0.0005972530017753358 0.0008233954056405592 0.04897819915476128
0.24330458234861194 0.051028 0.10880213431511562 0.014003923881843515 0.23308634013550258
0.24330458234861194 0.058283999999999996 0.07857299759052694 0.009060989927996612 0.22026781738730444
0.24330458234861194 0.06554 0.14654490702188291 0.007802622274171222 0.2177816493956767
0.24330458234861194 0.072796 0.018491002258515965 0.007297592267761281 0.2573081403285922
0.24330458234861194 0.080052 0.07381021598004733 0.009220251814470538 0.2634691610641312
0.24330458234861194 0.087308 0.11082478168523877 0.007899299344346163 0.2004189388780879
0.24330458234861194 0.09456400000000001 0.09880037309026385 0.008125306283776713 0.2092155687729041
0.24330458234861194 0.10182 0.12160525561072671 0.009036335600741628 0.1667525694194612
0.24330458234861194 0.109076 0.07885990630468287 0.008084696244769967 0.17763143967230072
0.24330458234861194 0.11633199999999999 0.060435396604008124 0.005754482730563732 0.17748238338026567
0.24330458234861194 0.123588 0.05835966492789643 0.00435880953365721 0.17234280573530247
0.24330458234861194 0.13084400000000002 0.04051011348131017 0.0043062716815106365 0.14464967381026061
0.24330458234861194 0.1381 0.03989505585856862 0.0027369374835072326 0.12978042072311907
0.24330458234861194 0.145356 0.012331478425039677 0.003319134655465015 0.1330071201830814
0.24330458234861194 0.152612 0.015258595133114755 0.0025614335456208667 0.1305235041955919
0.24330458234861194 0.159868 0.03120818237674254 0.0031500669097908975 0.10875725070275764
0.24330458234861194 0.167124 0.0056194379999240235 0.002338258306545645 0.10857547436183988
0.24330458234861194 0.17438 0.006102232077147524 0.002003998188403349 0.10291597523956159
0.24330458234861194 0.18163600000000002 0.01874340057681996 0.001202232448359793 0.08407820481633489
0.24330458234861194 0.188892 0.022937816785849496 0.0015891414196953517 0.08127890988519842
0.24330458234861194 0.196148 0.01349496364860675 0.0012003364699166143 0.0708152660310667
0.24330458234861194 0.203404 0.007877516921543634 0.0010007279792280342 0.06337012381592219
0.24330458234861194 0.21066000000000001 0.011233464639725785 0.0010945014099102601 0.05371997104112493
0.24330458234861194 0.217916 0.007164392682834718 0.000936575683041655 0.052416276686251574
0.24330458234861194 0.225172 -0.000987737487352744 0.0006608421125850126 0.048804635900152056
0.28666579504440415 0.051028 0.05016787710778056 0.006582470131627195 0.2348664148249602
0.28666579504440415 0.058283999999999996 0.02531960987041454 0.009352037633075698 0.2635391811596822
0.28666579504440415 0.06554 -0.02890823140162113 0.005671976187387817 0.2596342667033162
0.28666579504440415 0.072796 0.017956779763563635 0.0056359429736669 0.2294267649013622
0.28666579504440415 0.080052 0.05398170505475716 0.006167077599978052 0.23517778378212825
0.28666579504440415 0.087308 0.10446311846751644 0.00842443688654909 0.20862973156583203
0.28666579504440415 0.09456400000000001 0.03324733823551407 0.0048226904407398736 0.19972450423116037
0.28666579504440415 0.10182 0.03470525868230348 0.006719783507496709 0.19425701393912378
0.28666579504440415 0.109076 0.0512071929121006 0.0058611173490489095 0.18850166054802353
0.28666579504440415 0.11633199999999999 0.03830237131518921 0.005123195486672163 0.17100393274975229
0.28666579504440415 0.123588 -0.0012781250396034782 0.004575068938532931 0.1882696541569819
0.28666579504440415 0.13084400000000002 0.03814212259922281 0.003663447038449046 0.15503643961389854
0.28666579504440415 0.1381 0.025446471472185733 0.003123911230748107 0.1465578250535355
0.28666579504440415 0.145356 0.022706484380521835 0.0037275235349113014 0.14204129556906372
0.28666579504440415 0.152612 0.016637698589699573 0.0033931270150719234 0.1349429009453416
0.28666579504440415 0.159868 0.011479920153361856 0.0025741590976738845 0.11087591490053328
0.28666579504440415 0.167124 0.02271834630344778 0.001739869950787298 0.10921301874246826
0.28666579504440415 0.17438 0.015455317395082407 0.0020020136033598425 0.09644960651526273
0.28666579504440415 0.18163600000000002 0.013982344879612085 0.002321094896189321 0.08501513919618446
0.28666579504440415 0.188892 0.009222634494438317 0.0014498703119181812 0.07795011669114939
0.28666579504440415 0.196148 -0.001274479546874388 0.0012803416704470494 0.08192811558337584
0.28666579504440415 0.203404 0.0017319221872521412 0.0012330428360097388 0.06704402330636564
0.28666579504440415 0.21066000000000001 0.009400442006353087 0.0009527776112265696 0.05656005759670759
0.28666579504440415 0.217916 0.0023996617539099804 0.00088603502761412 0.05000952523624602
0.28666579504440415 0.225172 0.00633599332482665 0.0007151091680977146 0.041807500841550875
0.33002700774019633 0.051028 -0.0162400732611116 0.012062836533269894 0.2949183041514755
0.33002700774019633 0.058283999999999996 0.057722840444925705 0.01228562823613316 0.2585791351858378
0.33002700774019633 0.06554 0.0683439969644773 0.011216098852033014 0.2593087218042258
0.33002700774019633 0.072796 0.015865588876847914 0.008132187203677792 0.2126676689436221
0.33002700774019633 0.080052 0.06988473103148862 0.00757236144117412 0.2178489691647701
0.33002700774019633 0.087308 0.04657791630684663 0.009015191020771961 0.24323587128614535
0.33002700774019633 0.09456400000000001 0.02438572836502023 0.0053962178887045015 0.21641581549971614
0.33002700774019633 0.10182 0.04749541039948074 0.005519542163180416 0.2127105563453774
0.33002700774019633 0.109076 0.007570517469054239 0.005556491758325752 0.18831769017877426
0.33002700774019633 0.11633199999999999 0.046698144739518 0.004548311786769647 0.19376990378865835
0.33002700774019633 0.123588 0.012481641516016134 0.004738309592359441 0.18306616797413608
0.33002700774019633 0.13084400000000002 0.020162638777213526 0.00530573648207848 0.1573600049809082
0.33002700774019633 0.1381 0.04224286709862868 0.0033272100393749618 0.14430308200560552
0.33002700774019633 0.145356 0.011297142908393232 0.0027229875145726905 0.13328595547144242
0.33002700774019633 0.152612 0.028808148247072368 0.0029108942785281023 0.12397062993688068
0.33002700774019633 0.159868 0.011707209899134138 0.0021746863042511875 0.11682217844964614
0.33002700774019633 0.167124 -0.0017211269222069253 0.002167954381193794 0.11062227376696056
0.33002700774019633 0.17438 0.007215189762300872 0.0018915332349676557 0.09995947637177845
0.33002700774019633 0.18163600000000002 0.014056875713812103 0.0018815658459230857 0.08850682567046113
0.33002700774019633 0.188892 0.017850367168715894 0.001253229615306446 0.07545703686609394
0.33002700774019633 0.196148 0.006179298463446281 0.0015557404350407156 0.07577530704172773
0.33002700774019633 0.203404 0.0009376141490039791 0.0014468240118462518 0.06739447868819977
0.33002700774019633 0.21066000000000001 -0.0015853050706513688 0.0009147888600931856 0.0639455208215311
0.33002700774019633 0.217916 -0.0026983603600936185 0.0006630877508895046 0.05458991061816631
0.33002700774019633 0.225172 -0.0016100026692503905 0.0005948080154579113 0.045683714080098886
0.3733882204359886 0.051028 0.024943061378220777 0.009730909780757972 0.27322755945772914
0.3733882204359886 0.058283999999999996 0.06152603774270654 0.006059732214683832 0.2135057532180905
0.3733882204359886 0.06554 0.03906880352556272 0.0072997261964703845 0.222419897500399
0.3733882204359886 0.072796 0.019639541107394243 0.0056629644272519 0.231910349531259
0.3733882204359886 0.080052 0.022939733850071226 0.007036541809114719 0.2245508965407498
0.3733882204359886 0.087308 0.039277945405372716 0.0058607931978417105 0.21991331035830775
0.3733882204359886 0.09456400000000001 -0.006297404836030335 0.005156123271114398 0.20688866484831547
0.3733882204359886 0.10182 0.03539509463876633 0.004802790629012547 0.19971966649609385
0.3733882204359886 0.109076 0.0632993628525299 0.005271388293321696 0.1835143627810924
0.3733882204359886 0.11633199999999999 0.06067021804910963 0.004920640821074301 0.14866333169101154
0.3733882204359886 0.123588 0.023045628396772294 0.0032231464282695566 0.18504619886039353
0.3733882204359886 0.13084400000000002 0.04747563728636134 0.004540652664215694 0.15747784955366964
0.3733882204359886 0.1381 0.016816832804916138 0.0034180055399606023 0.15314048395242708
0.3733882204359886 0.145356 0.024000019376546056 0.0030210026625760436 0.13688503165092775
0.3733882204359886 0.152612 0.01914629124599232 0.0025972304190221038 0.12862934177361526
0.3733882204359886 0.159868 0.009243059388133051 0.0025979678938508164 0.11810246155484269
0.3733882204359886 0.167124 0.013906573335996902 0.0018589445864934026 0.10799336261999119
0.3733882204359886 0.17438 0.005812129047049752 0.0019178014538932292 0.1025134412776402
0.3733882204359886 0.18163600000000002 0.0066568670220546605 0.0016187517434389923 0.09580699547956241
0.3733882204359886 0.188892 0.007797413775848264 0.0012059692937715367 0.08107824923828486
0.3733882204359886 0.196148 -0.0018527182565586664 0.00136759488745633 0.08407308204808445
0.3733882204359886 0.203404 0.013106922571520484 0.0012713429931599377 0.061069730422364236
0.3733882204359886 0.21066000000000001 0.001421714803231451 0.0008998796498090123 0.058551243321059314
0.3733882204359886 0.217916 -0.0004055262350356123 0.0007140525625017742 0.05277424224924328
0.3733882204359886 0.225172 0.008403401558956275 0.0007101025099522097 0.043097298856986266
0.4167494331317808 0.051028 0.13778111390083245 0.007673856553245189 0.20576512648135817
0.4167494331317808 0.058283999999999996 0.02697433238724689 0.007415511613661253 0.2703276675734246
0.4167494331317808 0.06554 0.05783657067260484 0.006058831033845487 0.21062415700884152
0.4167494331317808 0.072796 0.055300042578749625 0.00558400640392278 0.24409429961244813
0.4167494331317808 0.080052 0.08100034811024673 0.008530891693547083 0.1965830210255808
0.4167494331317808 0.087308 0.049970222710034096 0.004504390142685581 0.20439392539634327
0.4167494331317808 0.09456400000000001 0.019143341878922193 0.004872903916903339 0.20857483278706868
0.4167494331317808 0.10182 0.021967600666660758 0.005494176427819171 0.18230319968137743
0.4167494331317808 0.109076 0.018389893502001542 0.008014164531430572 0.1920805244115801
0.4167494331317808 0.11633199999999999 0.04934690311357473 0.007333385665844127 0.18800104600611828
0.4167494331317808 0.123588 0.024548412736890818 0.00507007231618087 0.16685748531565106
0.4167494331317808 0.13084400000000002 0.018330582175211385 0.003456758344971436 0.16510073421929802
0.4167494331317808 0.1381 0.010411174865811723 0.0029357288668864596 0.14532971643949658
0.4167494331317808 0.145356 -0.0038939330503365566 0.0037033627415548054 0.15822191670892433
0.4167494331317808 0.152612 0.04739140488553012 0.002799671526683467 0.122452594011153
0.4167494331317808 0.159868 -0.0017016107388036772 0.00210822166283565 0.13586957985407616
0.4167494331317808 0.167124 -0.00515868069497033 0.0026179555544527233 0.11811667775214903
0.4167494331317808 0.17438 0.0031901980732279983 0.001539772537286131 0.09741655202325512
0.4167494331317808 0.18163600000000002 0.0038952227035994047 0.00168671798614374 0.09423204423398532
0.4167494331317808 0.188892 0.018050263848925635 0.0012007778286494762 0.07529278918722816
0.4167494331317808 0.196148 0.011466136733936844 0.0013651341851540323 0.06911736956681125
0.4167494331317808 0.203404 0.00219753664934845 0.0010476628620386054 0.06533767370474124
0.4167494331317808 0.21066000000000001 0.007978576590088875 0.0008910190031477138 0.05714346398768886
0.4167494331317808 0.217916 0.0013296779439669545 0.0006691566148924892 0.05170559202900451
0.4167494331317808 0.225172 0.0043473075157355046 0.000647996014722682 0.04419857601702609
0.46011064582757305 0.051028 0.009637563734462395 0.007049105980420438 0.2528721154667437
0.46011064582757305 0.058283999999999996 -0.013673130786628462 0.01049443094485667 0.27600051337106957
0.46011064582757305 0.06554 0.011194219673558575 0.007172624341262059 0.24030163878595215
0.46011064582757305 0.072796 0.07982686481166942 0.010207654791816335 0.21491933643233543
0.46011064582757305 0.080052 0.04463032757796101 0.007721266779911969 0.22954717708469616
0.46011064582757305 0.087308 0.05357685064735784 0.0075607011782365145 0.1915484626564404
0.46011064582757305 0.09456400000000001 0.039183960874703494 0.0044057496651935665 0.19757543878109624
0.46011064582757305 0.10182 0.05358099728174337 0.0059484879183855305 0.19953069235109272
0.46011064582757305 0.109076 0.06303579788299749 0.004183563246265173 0.1745995842090463
0.46011064582757305 0.11633199999999999 0.04521604581693989 0.004221107628469926 0.17508128204078982
0.46011064582757305 0.123588 0.05517919648129113 0.003882265504735688 0.15374749832842088
0.46011064582757305 0.13084400000000002 0.030647569542070985 0.0031700784788237066 0.1452066036899166
0.46011064582757305 0.1381 0.022510081541230853 0.002445898883626555 0.15339550735902427
0.46011064582757305 0.145356 0.0027084165050953457 0.0026013764117141934 0.1499741772095923
0.46011064582757305 0.152612 0.008391786889357405 0.002906802086552031 0.13444055587209286
0.46011064582757305 0.159868 0.005769758709663481 0.0031016934680724736 0.12137654390831462
0.46011064582757305 0.167124 0.003673094399411825 0.0017465681293365961 0.10637704487902902
0.46011064582757305 0.17438 0.020797334919253938 0.0019416407929439712 0.10366702495685616
0.46011064582757305 0.18163600000000002 0.013197478909975108 0.0012374053603823032 0.08623748126929758
0.46011064582757305 0.188892 -0.001738921129419757 0.0014631094691714228 0.09044904490816423
0.46011064582757305 0.196148 -0.0023797021148305036 0.001042294277997057 0.07524947066326113
0.46011064582757305 0.203404 0.012495490596412424 0.0010055253102607387 0.06098917038934174
0.46011064582757305 0.21066000000000001 0.0011466866276537493 0.0008510884723823994 0.06053041080445987
0.46011064582757305 0.217916 -0.003542785070079664 0.0006640422225154094 0.05584574630736188
0.46011064582757305 0.225172 0.007158069473396311 0.0006763403501548913 0.0448677756616715
