k ps_3d err_sample_variance err_thermal_noise
0.07597061462993654 2.1246695686345203002 0.2046356153264322 5.715648089051035718
0.0948241797491695 6.3267487929294212133 0.46052481984629534 9.846054895785701174
0.1183566186597577 8.686681445165887305 0.7087671659315835 17.049235404762352298
0.14772908363274287 10.5097729980941556795 0.7186145007553046 28.8210628196140139
0.18439088914585774 10.436173139986968855 0.6069181405138394 41.814124442594812665
0.23015102486200073 11.751734276460534364 0.7975882891009215 59.300332558533485842
0.28726741592492194 11.891500916492506373 0.6871507918251331 68.6052177023785456
0.3585583349092749 9.706904287498535705 0.8332914181481731 80.82092338832309884
0.44754146278292933 12.645966211802775837 0.7856390251326147 93.124819997777774146
