k ps_3d err_sample_variance err_thermal_noise
0.07597061462993654 -63.225374220945857795 5.346087528048911 562.58516475494927994
0.0948241797491695 44.293856945051532925 9.208901128822076 987.13162491355866257
0.1183566186597577 3.7751200386228244144 13.216973156388883 1703.2332130461441635
0.14772908363274287 -95.55739194009598503 13.658620854464049 2891.449127615328885
0.18439088914585774 -52.55656830369931276 13.305773848948215 4219.467761848970312
0.23015102486200073 -22.194564475030508444 10.109496716309778 5913.5526485984076976
0.28726741592492194 34.19881201855225239 14.272686954185668 6976.3906873530284605
0.3585583349092749 -51.763937301547108483 14.689001927883368 8037.3306224378168454
0.44754146278292933 51.339750632821065324 19.23803094693204 9360.931941670927009
