k ps_3d err_sample_variance err_thermal_noise
0.07597061462993654 4.82756007064582637 0.8648772207110005 63.329683464710291193
0.0948241797491695 -6.3659831993071614997 1.0425985637859623 124.26752503404710016
0.1183566186597577 3.101775487559633615 1.543860801234168 212.06747271811373516
0.14772908363274287 6.719377276203495175 1.6460255279043214 342.67765243048567755
0.18439088914585774 8.187395994542200406 2.0066960824209916 520.74630095739005897
0.23015102486200073 -4.8977396143573790344 2.0264018157025387 712.54358192945984984
0.28726741592492194 11.024675878152093655 2.6571034785371124 839.2044211913457237
0.3585583349092749 2.461292434990075606 2.9144510865239828 953.5739390963966268
0.44754146278292933 37.203765055705078857 2.944506286392255 1123.8217834084650056
