k ps_3d err_sample_variance err_thermal_noise
0.07597061462993654 1.963634425641003376 0.22102671193298004 6.9251127494248629897
0.0948241797491695 7.4304419866246397258 0.48262095992896675 11.484539724040645842
0.1183566186597577 9.5899726278332496614 0.7335846293161964 20.260425692379080347
0.14772908363274287 10.484093911545758173 0.73950918272814 35.38398881219698711
0.18439088914585774 10.24626394499797721 0.5850646453770578 51.474975991089478047
0.23015102486200073 13.379109571289537983 0.7788495609153483 70.181873681498509104
0.28726741592492194 13.042055385752011246 0.6318602479389634 81.749202454670122475
0.3585583349092749 10.893451510479969513 0.7804235583596921 96.14495748303765914
0.44754146278292933 12.3090553456310943525 0.7279070762697357 112.09182363910142671
