k ps_3d err_sample_variance
0.07597061462993654 6.9251127494248629897 0.07577370833134035
0.0948241797491695 11.484539724040645842 0.09590326785942765
0.1183566186597577 20.260425692379080347 0.13770957415750834
0.14772908363274287 35.38398881219698711 0.18759871941516523
0.18439088914585774 51.474975991089478047 0.2762660220765283
0.23015102486200073 70.181873681498509104 0.24333225094863833
0.28726741592492194 81.749202454670122475 0.2381990366671622
0.3585583349092749 96.14495748303765914 0.3354583866128988
0.44754146278292933 112.09182363910142671 0.3825031607584749
