k per (hMpc^-1)  k par (hMpc^-1) P_FG (K^2h^-3Mpc^3)  P_21 (K^2h^-3Mpc^3)  
P_noise (K^2h^-3Mpc^3)  Delta P_thermal (K^2h^-3Mpc^3)  
Sample variance (K^2h^-3Mpc^3) 
    0.0076552470    0.0423346      174598.   0.00710669  0.000137232
  2.99466e-05   0.00155081
    0.0076552470    0.0846692      481.949     0.136886  2.92349e-05
  6.37958e-06    0.0298710
    0.0076552470     0.127004      110.117     0.216155  1.70841e-06
  3.72807e-07    0.0471690
    0.0076552470     0.169338      46.7391     0.359006  3.37433e-05
  7.36338e-06    0.0783415
    0.0076552470     0.211673      28.3968     0.168556  3.34927e-05
  7.30871e-06    0.0367819
    0.0076552470     0.254008      20.5805    0.0462431  8.87565e-05
  1.93683e-05    0.0100911
    0.0076552470     0.296342      16.6366   0.00422392  4.33056e-06
  9.45006e-07  0.000921735
    0.0076552470     0.338677      14.5019   0.00948699  5.30036e-05
  1.15663e-05   0.00207023
    0.0076552470     0.381011      13.2873    0.0341749  4.70049e-05
  1.02573e-05   0.00745757
    0.0076552470     0.423346      12.6258    0.0602829  8.18529e-05
  1.78618e-05    0.0131548
     0.015310494    0.0423346      379244.    0.0121843  0.000117214
  2.55783e-05   0.00265882
     0.015310494    0.0846692      1048.10     0.295502  2.38067e-05
  5.19504e-06    0.0644838
     0.015310494     0.127004      239.451     0.458156  4.85715e-06
  1.05992e-06    0.0999778
     0.015310494     0.169338      101.627     0.785211  3.08984e-05
  6.74258e-06     0.171347
     0.015310494     0.211673      61.7541     0.361961  3.92749e-05
  8.57049e-06    0.0789863
     0.015310494     0.254008      44.7497    0.0997694  9.01064e-05
  1.96628e-05    0.0217715
     0.015310494     0.296342      36.1677   0.00869719  6.92537e-06
  1.51124e-06   0.00189788
     0.015310494     0.338677      31.5188    0.0176499  7.33701e-05
  1.60107e-05   0.00385153
     0.015310494     0.381011      28.8926    0.0750192  4.90715e-05
  1.07083e-05    0.0163705
     0.015310494     0.423346      27.4517     0.131515  7.80028e-05
  1.70216e-05    0.0286989
     0.022965741    0.0423346      374713.   0.00576738  7.40299e-05
  1.61547e-05   0.00125855
     0.022965741    0.0846692      746.477     0.207037  2.47622e-05
  5.40356e-06    0.0451793
     0.022965741     0.127004      170.353     0.317064  1.27022e-05
  2.77186e-06    0.0691890
     0.022965741     0.169338      72.2955     0.559971  3.07065e-05
  6.70070e-06     0.122196
     0.022965741     0.211673      43.9236     0.259128  4.20964e-05
  9.18620e-06    0.0565464
     0.022965741     0.254008      31.8261    0.0708188  9.09658e-05
  1.98504e-05    0.0154539
     0.022965741     0.296342      25.7174   0.00602700  2.51262e-05
  5.48300e-06   0.00131520
     0.022965741     0.338677      22.4117    0.0121538  7.22923e-05
  1.57755e-05   0.00265217
     0.022965741     0.381011      20.5509    0.0556968  3.34587e-05
  7.30129e-06    0.0121540
     0.022965741     0.423346      19.5186    0.0934814  6.65293e-05
  1.45179e-05    0.0203993
     0.030620988    0.0423346      192714.  0.000944505  4.40907e-05
  9.62137e-06  0.000206108
     0.030620988    0.0846692      195.413    0.0528630  2.90332e-05
  6.33556e-06    0.0115356
     0.030620988     0.127004      44.4848    0.0804530  1.81779e-05
  3.96675e-06    0.0175563
     0.030620988     0.169338      18.8762     0.146693  2.91975e-05
  6.37141e-06    0.0320110
     0.030620988     0.211673      11.4621    0.0702929  4.24743e-05
  9.26865e-06    0.0153392
     0.030620988     0.254008      8.30351    0.0199958  8.54447e-05
  1.86456e-05   0.00436344
     0.030620988     0.296342      6.71180   0.00188337  4.01778e-05
  8.76752e-06  0.000410986
     0.030620988     0.338677      5.84895   0.00347407  4.77230e-05
  1.04140e-05  0.000758104
     0.030620988     0.381011      5.36623    0.0162291  2.15509e-05
  4.70280e-06   0.00354147
     0.030620988     0.423346      5.09273    0.0242668  4.66007e-05
  1.01691e-05   0.00529545
     0.038276235    0.0423346      100829.  0.000456586  4.10390e-05
  8.95544e-06  9.96353e-05
     0.038276235    0.0846692      47.9214    0.0132665  2.70173e-05
  5.89567e-06   0.00289500
     0.038276235     0.127004      10.9172    0.0209820  2.75835e-05
  6.01921e-06   0.00457865
     0.038276235     0.169338      4.63297    0.0372481  2.90638e-05
  6.34224e-06   0.00812821
     0.038276235     0.211673      2.81678    0.0171296  3.93363e-05
  8.58389e-06   0.00373798
     0.038276235     0.254008      2.03532   0.00779698  7.91566e-05
  1.72734e-05   0.00170144
     0.038276235     0.296342      1.65110  0.000782324  4.91078e-05
  1.07162e-05  0.000170717
     0.038276235     0.338677      1.43676   0.00112565  2.53369e-05
  5.52897e-06  0.000245638
     0.038276235     0.381011      1.31828   0.00468693  2.39564e-05
  5.22771e-06   0.00102277
     0.038276235     0.423346      1.25000   0.00581312  3.93928e-05
  8.59622e-06   0.00126853
     0.045931482    0.0423346      64946.6  0.000143605  5.64199e-05
  1.23118e-05  3.13371e-05
     0.045931482    0.0846692      34.6918   0.00971429  3.56304e-05
  7.77520e-06   0.00211983
     0.045931482     0.127004      7.90727    0.0151809  3.18668e-05
  6.95390e-06   0.00331274
     0.045931482     0.169338      3.35929    0.0274252  2.26483e-05
  4.94227e-06   0.00598468
     0.045931482     0.211673      2.04659    0.0117872  5.84845e-05
  1.27624e-05   0.00257217
     0.045931482     0.254008      1.47787   0.00690129  6.51414e-05
  1.42150e-05   0.00150599
     0.045931482     0.296342      1.19581   0.00117446  3.64296e-05
  7.94958e-06  0.000256288
     0.045931482     0.338677      1.04525   0.00145016  2.22986e-05
  4.86594e-06  0.000316451
     0.045931482     0.381011     0.953889   0.00263584  3.16277e-05
  6.90173e-06  0.000575187
     0.045931482     0.423346     0.906635   0.00453481  4.02588e-05
  8.78520e-06  0.000989576
     0.053586729    0.0423346      40429.0  7.83832e-05  6.75386e-05
  1.47381e-05  1.71046e-05
     0.053586729    0.0846692      18.0113   0.00544088  5.27431e-05
  1.15095e-05   0.00118730
     0.053586729     0.127004      4.13617   0.00890283  2.76419e-05
  6.03195e-06   0.00194276
     0.053586729     0.169338      1.75446    0.0170954  2.12954e-05
  4.64703e-06   0.00373053
     0.053586729     0.211673      1.07294   0.00699432  7.40118e-05
  1.61507e-05   0.00152629
     0.053586729     0.254008     0.776512   0.00401948  5.71942e-05
  1.24808e-05  0.000877123
     0.053586729     0.296342     0.625861   0.00136933  2.79457e-05
  6.09826e-06  0.000298813
     0.053586729     0.338677     0.549397   0.00143521  3.49247e-05
  7.62119e-06  0.000313188
     0.053586729     0.381011     0.499189   0.00120670  3.90469e-05
  8.52073e-06  0.000263323
     0.053586729     0.423346     0.476145   0.00289227  3.66588e-05
  7.99960e-06  0.000631145
     0.061241976    0.0423346      25019.6  7.65850e-05  5.12450e-05
  1.11826e-05  1.67122e-05
     0.061241976    0.0846692      10.8245   0.00344570  6.97764e-05
  1.52265e-05  0.000751914
     0.061241976     0.127004      2.49943   0.00721542  2.85077e-05
  6.22088e-06   0.00157453
     0.061241976     0.169338      1.05887    0.0114301  2.45277e-05
  5.35238e-06   0.00249425
     0.061241976     0.211673     0.647319   0.00526190  7.65363e-05
  1.67016e-05   0.00114824
     0.061241976     0.254008     0.470385   0.00180649  4.54520e-05
  9.91844e-06  0.000394207
     0.061241976     0.296342     0.378097   0.00111239  2.39368e-05
  5.22343e-06  0.000242744
     0.061241976     0.338677     0.331895   0.00111763  4.91247e-05
  1.07199e-05  0.000243887
     0.061241976     0.381011     0.301320  0.000845064  4.25405e-05
  9.28309e-06  0.000184408
     0.061241976     0.423346     0.287329   0.00172172  5.33215e-05
  1.16357e-05  0.000375710
     0.068897223    0.0423346      13087.2  0.000135269  3.92171e-05
  8.55787e-06  2.95181e-05
     0.068897223    0.0846692      7.95859   0.00224442  6.58305e-05
  1.43654e-05  0.000489772
     0.068897223     0.127004      1.80531   0.00739784  3.14577e-05
  6.86464e-06   0.00161434
     0.068897223     0.169338     0.767506   0.00653183  3.90234e-05
  8.51561e-06   0.00142536
     0.068897223     0.211673     0.464560   0.00459645  7.09767e-05
  1.54884e-05   0.00100303
     0.068897223     0.254008     0.336463   0.00163303  4.20992e-05
  9.18680e-06  0.000356357
     0.068897223     0.296342     0.271597  0.000938313  2.39721e-05
  5.23114e-06  0.000204757
     0.068897223     0.338677     0.238004   0.00102591  6.18446e-05
  1.34956e-05  0.000223873
     0.068897223     0.381011     0.216386  0.000932623  4.74366e-05
  1.03515e-05  0.000203515
     0.068897223     0.423346     0.205630   0.00131872  7.44098e-05
  1.62376e-05  0.000287769
     0.076552470    0.0423346      8613.49  0.000160221  3.50048e-05
  7.63868e-06  3.49631e-05
     0.076552470    0.0846692      6.42937   0.00170194  5.80097e-05
  1.26588e-05  0.000371394
     0.076552470     0.127004      1.44147   0.00522859  3.56199e-05
  7.77291e-06   0.00114097
     0.076552470     0.169338     0.611783   0.00543506  5.62824e-05
  1.22818e-05   0.00118603
     0.076552470     0.211673     0.370777   0.00318667  7.17431e-05
  1.56556e-05  0.000695388
     0.076552470     0.254008     0.267287   0.00188283  4.31665e-05
  9.41971e-06  0.000410868
     0.076552470     0.296342     0.216103  0.000896508  2.98230e-05
  6.50791e-06  0.000195634
     0.076552470     0.338677     0.188972  0.000827842  6.76485e-05
  1.47621e-05  0.000180650
     0.076552470     0.381011     0.172559   0.00104947  4.40225e-05
  9.60649e-06  0.000229013
     0.076552470     0.423346     0.163662   0.00110601  7.67496e-05
  1.67481e-05  0.000241352
     0.084207717    0.0423346      4685.39  0.000101519  3.69745e-05
  8.06850e-06  2.21532e-05
     0.084207717    0.0846692      4.21279   0.00113525  5.22861e-05
  1.14098e-05  0.000247731
     0.084207717     0.127004     0.935815   0.00324169  3.55392e-05
  7.75530e-06  0.000707395
     0.084207717     0.169338     0.396612   0.00394176  7.61040e-05
  1.66073e-05  0.000860163
     0.084207717     0.211673     0.241536   0.00204598  6.74277e-05
  1.47139e-05  0.000446469
     0.084207717     0.254008     0.174190   0.00159831  4.75216e-05
  1.03701e-05  0.000348780
     0.084207717     0.296342     0.140288  0.000842831  4.31366e-05
  9.41317e-06  0.000183921
     0.084207717     0.338677     0.121539  0.000563589  6.60609e-05
  1.44157e-05  0.000122985
     0.084207717     0.381011     0.111846  0.000958843  4.53740e-05
  9.90143e-06  0.000209237
     0.084207717     0.423346     0.106098  0.000912391  6.64889e-05
  1.45091e-05  0.000199100
     0.091862964    0.0423346      4801.17  8.16479e-05  4.18319e-05
  9.12848e-06  1.78170e-05
     0.091862964    0.0846692      5.07143   0.00139441  5.43395e-05
  1.18578e-05  0.000304284
     0.091862964     0.127004      1.13431   0.00356957  4.06759e-05
  8.87621e-06  0.000778945
     0.091862964     0.169338     0.481067   0.00456033  7.31243e-05
  1.59570e-05  0.000995145
     0.091862964     0.211673     0.292295   0.00251467  6.01595e-05
  1.31279e-05  0.000548746
     0.091862964     0.254008     0.211780   0.00137193  5.31061e-05
  1.15887e-05  0.000299379
     0.091862964     0.296342     0.170503  0.000810193  5.30156e-05
  1.15689e-05  0.000176799
     0.091862964     0.338677     0.147908  0.000684883  5.89530e-05
  1.28646e-05  0.000149454
     0.091862964     0.381011     0.135439   0.00101711  4.72728e-05
  1.03158e-05  0.000221951
     0.091862964     0.423346     0.128489   0.00121923  6.28947e-05
  1.37248e-05  0.000266058
     0.099518211    0.0423346      3817.09  6.25243e-05  5.24752e-05
  1.14510e-05  1.36439e-05
     0.099518211    0.0846692      3.47844   0.00103911  5.53027e-05
  1.20680e-05  0.000226752
     0.099518211     0.127004     0.779629   0.00262385  4.60610e-05
  1.00513e-05  0.000572571
     0.099518211     0.169338     0.330280   0.00373232  6.41801e-05
  1.40052e-05  0.000814460
     0.099518211     0.211673     0.200480   0.00226385  6.66916e-05
  1.45533e-05  0.000494013
     0.099518211     0.254008     0.145913   0.00137302  4.43982e-05
  9.68848e-06  0.000299617
     0.099518211     0.296342     0.117644  0.000793603  5.02091e-05
  1.09565e-05  0.000173178
     0.099518211     0.338677     0.102774  0.000736370  5.93685e-05
  1.29553e-05  0.000160689
     0.099518211     0.381011    0.0934355  0.000692726  6.08877e-05
  1.32868e-05  0.000151165
     0.099518211     0.423346    0.0888628   0.00111267  5.68270e-05
  1.24007e-05  0.000242804
      0.10717346    0.0423346      3228.18  2.69491e-05  6.20909e-05
  1.35493e-05  5.88078e-06
      0.10717346    0.0846692      2.81789  0.000775365  7.97052e-05
  1.73931e-05  0.000169199
      0.10717346     0.127004     0.628610   0.00237659  6.35049e-05
  1.38579e-05  0.000518613
      0.10717346     0.169338     0.266467   0.00321111  6.39585e-05
  1.39569e-05  0.000700722
      0.10717346     0.211673     0.161803   0.00209597  7.12749e-05
  1.55535e-05  0.000457377
      0.10717346     0.254008     0.117399   0.00172200  5.25438e-05
  1.14660e-05  0.000375771
      0.10717346     0.296342    0.0951769  0.000708735  5.62426e-05
  1.22731e-05  0.000154659
      0.10717346     0.338677    0.0831413  0.000693864  7.63134e-05
  1.66530e-05  0.000151414
      0.10717346     0.381011    0.0757045  0.000586967  6.27946e-05
  1.37029e-05  0.000128087
      0.10717346     0.423346    0.0726611   0.00144020  6.59426e-05
  1.43899e-05  0.000314277
      0.11482871    0.0423346      2901.65 -1.67226e-05  6.13092e-05
  1.33788e-05  3.64918e-06
      0.11482871    0.0846692      2.25167  0.000557250  0.000104769
  2.28625e-05  0.000121602
      0.11482871     0.127004     0.499995   0.00230574  7.65167e-05
  1.66973e-05  0.000503154
      0.11482871     0.169338     0.212525   0.00255726  9.20767e-05
  2.00928e-05  0.000558041
      0.11482871     0.211673     0.129017   0.00192372  6.80497e-05
  1.48497e-05  0.000419790
      0.11482871     0.254008    0.0936072   0.00174935  7.77201e-05
  1.69599e-05  0.000381739
      0.11482871     0.296342    0.0757683  0.000617182  6.89203e-05
  1.50396e-05  0.000134680
      0.11482871     0.338677    0.0654201  0.000609114  9.34458e-05
  2.03915e-05  0.000132920
      0.11482871     0.381011    0.0599898  0.000556304  6.98275e-05
  1.52376e-05  0.000121396
      0.11482871     0.423346    0.0577007   0.00136876  7.07755e-05
  1.54445e-05  0.000298688
      0.12248395    0.0423346      2721.07 -1.11196e-05  6.75085e-05
  1.47316e-05  2.42649e-06
      0.12248395    0.0846692      2.03258  0.000529966  0.000125002
  2.72778e-05  0.000115648
      0.12248395     0.127004     0.449389   0.00210844  6.96031e-05
  1.51886e-05  0.000460100
      0.12248395     0.169338     0.191089   0.00234227  0.000100253
  2.18769e-05  0.000511125
      0.12248395     0.211673     0.115930   0.00170267  7.39724e-05
  1.61421e-05  0.000371552
      0.12248395     0.254008    0.0834973   0.00162278  9.54898e-05
  2.08376e-05  0.000354120
      0.12248395     0.296342    0.0675121  0.000628510  7.50338e-05
  1.63737e-05  0.000137152
      0.12248395     0.338677    0.0585223  0.000566638  8.93425e-05
  1.94961e-05  0.000123651
      0.12248395     0.381011    0.0536379  0.000575335  8.36557e-05
  1.82552e-05  0.000125548
      0.12248395     0.423346    0.0513934   0.00105338  7.85435e-05
  1.71396e-05  0.000229867
      0.13013920    0.0423346      2527.30 -8.80834e-06  0.000106275
  2.31911e-05  1.92214e-06
      0.13013920    0.0846692      1.82646  0.000545223  0.000108381
  2.36507e-05  0.000118977
      0.13013920     0.127004     0.399475   0.00181636  7.09938e-05
  1.54921e-05  0.000396362
      0.13013920     0.169338     0.169830   0.00225331  0.000101008
  2.20417e-05  0.000491712
      0.13013920     0.211673     0.103125   0.00145480  8.72875e-05
  1.90477e-05  0.000317463
      0.13013920     0.254008    0.0738323   0.00127261  0.000104223
  2.27434e-05  0.000277705
      0.13013920     0.296342    0.0594049  0.000888593  8.20178e-05
  1.78977e-05  0.000193907
      0.13013920     0.338677    0.0520408  0.000547246  0.000100935
  2.20259e-05  0.000119419
      0.13013920     0.381011    0.0477215  0.000622544  0.000113560
  2.47808e-05  0.000135850
      0.13013920     0.423346    0.0454884  0.000710487  7.65639e-05
  1.67076e-05  0.000155041
      0.13779445    0.0423346      1994.25 -1.08789e-05  0.000128974
  2.81444e-05  2.37397e-06
      0.13779445    0.0846692      1.39729  0.000525753  0.000104758
  2.28600e-05  0.000114729
      0.13779445     0.127004     0.309085   0.00135697  9.77394e-05
  2.13285e-05  0.000296116
      0.13779445     0.169338     0.131394   0.00185329  0.000109965
  2.39963e-05  0.000404421
      0.13779445     0.211673    0.0798685   0.00120152  9.60101e-05
  2.09511e-05  0.000262194
      0.13779445     0.254008    0.0575513  0.000774673  0.000119171
  2.60052e-05  0.000169048
      0.13779445     0.296342    0.0463182  0.000957934  8.02034e-05
  1.75018e-05  0.000209038
      0.13779445     0.338677    0.0406754  0.000513373  0.000126352
  2.75723e-05  0.000112027
      0.13779445     0.381011    0.0372657  0.000562459  0.000131186
  2.86270e-05  0.000122739
      0.13779445     0.423346    0.0353032  0.000449458  7.38304e-05
  1.61111e-05  9.80798e-05
      0.14544969    0.0423346      1902.59 -9.05797e-06  0.000108609
  2.37003e-05  1.97661e-06
      0.14544969    0.0846692      1.31937  0.000575518  9.15907e-05
  1.99867e-05  0.000125588
      0.14544969     0.127004     0.299296   0.00139563  0.000134210
  2.92870e-05  0.000304551
      0.14544969     0.169338     0.126820   0.00199602  0.000130193
  2.84105e-05  0.000435567
      0.14544969     0.211673    0.0774596   0.00105470  0.000111099
  2.42437e-05  0.000230155
      0.14544969     0.254008    0.0561061  0.000585708  0.000127219
  2.77615e-05  0.000127812
      0.14544969     0.296342    0.0449662   0.00111760  8.87151e-05
  1.93592e-05  0.000243880
      0.14544969     0.338677    0.0396747  0.000598751  0.000113719
  2.48155e-05  0.000130658
      0.14544969     0.381011    0.0363978  0.000653619  0.000122867
  2.68118e-05  0.000142631
      0.14544969     0.423346    0.0342571  0.000590918  7.24776e-05
  1.58159e-05  0.000128949
      0.15310494    0.0423346      1316.16 -5.39821e-05  0.000140641
  3.06904e-05  1.17799e-05
      0.15310494    0.0846692     0.987157  0.000474355  0.000104723
  2.28524e-05  0.000103513
      0.15310494     0.127004     0.210859   0.00148353  0.000130647
  2.85095e-05  0.000323733
      0.15310494     0.169338    0.0894747   0.00197221  0.000166276
  3.62844e-05  0.000430372
      0.15310494     0.211673    0.0543961   0.00113799  0.000121409
  2.64937e-05  0.000248329
      0.15310494     0.254008    0.0394268  0.000653886  0.000118540
  2.58676e-05  0.000142690
      0.15310494     0.296342    0.0317974   0.00115920  9.97635e-05
  2.17702e-05  0.000252959
      0.15310494     0.338677    0.0277660  0.000663666  9.72858e-05
  2.12295e-05  0.000144824
      0.15310494     0.381011    0.0254437  0.000939005  0.000118203
  2.57939e-05  0.000204908
      0.15310494     0.423346    0.0239325  0.000690262  9.24881e-05
  2.01826e-05  0.000150628
      0.16076019    0.0423346      1039.52 -4.73053e-05  0.000146306
  3.19267e-05  1.03229e-05
      0.16076019    0.0846692     0.990748  0.000630498  0.000131673
  2.87335e-05  0.000137586
      0.16076019     0.127004     0.209367   0.00187614  0.000106202
  2.31752e-05  0.000409408
      0.16076019     0.169338    0.0890521   0.00279765  0.000168737
  3.68214e-05  0.000610497
      0.16076019     0.211673    0.0544777   0.00141595  0.000126820
  2.76744e-05  0.000308985
      0.16076019     0.254008    0.0391310  0.000881290  0.000113479
  2.47632e-05  0.000192313
      0.16076019     0.296342    0.0319713   0.00117457  0.000113294
  2.47227e-05  0.000256311
      0.16076019     0.338677    0.0276313  0.000895914  8.34150e-05
  1.82027e-05  0.000195504
      0.16076019     0.381011    0.0255442   0.00123194  0.000144652
  3.15658e-05  0.000268832
      0.16076019     0.423346    0.0240173  0.000760478  0.000113010
  2.46607e-05  0.000165950
      0.16841543    0.0423346      863.532 -3.19134e-05  0.000169291
  3.69423e-05  6.96407e-06
      0.16841543    0.0846692     0.861537  0.000909343  0.000154502
  3.37152e-05  0.000198435
      0.16841543     0.127004     0.181357   0.00258486  0.000104917
  2.28948e-05  0.000564062
      0.16841543     0.169338    0.0768887   0.00325765  0.000166812
  3.64014e-05  0.000710877
      0.16841543     0.211673    0.0473771   0.00152563  0.000134516
  2.93538e-05  0.000332919
      0.16841543     0.254008    0.0339594   0.00100469  0.000129047
  2.81604e-05  0.000219242
      0.16841543     0.296342    0.0280018   0.00120199  0.000122291
  2.66860e-05  0.000262296
      0.16841543     0.338677    0.0237036   0.00109721  9.84186e-05
  2.14767e-05  0.000239432
      0.16841543     0.381011    0.0220767   0.00129552  0.000175961
  3.83979e-05  0.000282705
      0.16841543     0.423346    0.0206544  0.000920029  0.000133551
  2.91433e-05  0.000200767
      0.17607068    0.0423346      765.511 -2.41298e-05  0.000159254
  3.47520e-05  5.26555e-06
      0.17607068    0.0846692     0.668671   0.00102836  0.000186786
  4.07601e-05  0.000224407
      0.17607068     0.127004     0.136238   0.00248502  0.000121015
  2.64075e-05  0.000542275
      0.17607068     0.169338    0.0573917   0.00292342  0.000200728
  4.38025e-05  0.000637943
      0.17607068     0.211673    0.0354725   0.00149245  0.000162238
  3.54033e-05  0.000325680
      0.17607068     0.254008    0.0255551   0.00107676  0.000147153
  3.21114e-05  0.000234968
      0.17607068     0.296342    0.0209517   0.00114957  0.000117898
  2.57273e-05  0.000250858
      0.17607068     0.338677    0.0177419   0.00126858  0.000114367
  2.49570e-05  0.000276828
      0.17607068     0.381011    0.0163158   0.00108670  0.000194875
  4.25253e-05  0.000237138
      0.17607068     0.423346    0.0152548   0.00108162  0.000148824
  3.24761e-05  0.000236029
      0.18372593    0.0423346      886.909  1.29183e-05  0.000173009
  3.77537e-05  2.81900e-06
      0.18372593    0.0846692     0.721155   0.00139368  0.000222628
  4.85815e-05  0.000304127
      0.18372593     0.127004     0.149081   0.00318264  0.000146033
  3.18669e-05  0.000694508
      0.18372593     0.169338    0.0629582   0.00234977  0.000219666
  4.79351e-05  0.000512762
      0.18372593     0.211673    0.0384127   0.00165473  0.000178525
  3.89573e-05  0.000361091
      0.18372593     0.254008    0.0281882   0.00100775  0.000157909
  3.44585e-05  0.000219909
      0.18372593     0.296342    0.0228120  0.000997589  0.000120562
  2.63088e-05  0.000217692
      0.18372593     0.338677    0.0196609   0.00113558  0.000155274
  3.38835e-05  0.000247804
      0.18372593     0.381011    0.0179069  0.000929918  0.000165520
  3.61195e-05  0.000202925
      0.18372593     0.423346    0.0169678   0.00125581  0.000152287
  3.32317e-05  0.000274041
      0.19138118    0.0423346      1063.65  1.12044e-05  0.000210031
  4.58325e-05  2.44500e-06
      0.19138118    0.0846692     0.848617   0.00158443  0.000237954
  5.19258e-05  0.000345751
      0.19138118     0.127004     0.172488   0.00434350  0.000198234
  4.32581e-05  0.000947828
      0.19138118     0.169338    0.0733719   0.00196119  0.000196222
  4.28191e-05  0.000427967
      0.19138118     0.211673    0.0448366   0.00137638  0.000220383
  4.80915e-05  0.000300352
      0.19138118     0.254008    0.0326275  0.000991456  0.000203077
  4.43150e-05  0.000216354
      0.19138118     0.296342    0.0263385  0.000835108  0.000145793
  3.18147e-05  0.000182236
      0.19138118     0.338677    0.0230600  0.000985756  0.000200464
  4.37449e-05  0.000215110
      0.19138118     0.381011    0.0210225  0.000900142  0.000174757
  3.81351e-05  0.000196427
      0.19138118     0.423346    0.0198034   0.00109782  0.000169881
  3.70710e-05  0.000239564
      0.19903642    0.0423346      1121.08 -2.16573e-05  0.000249571
  5.44609e-05  4.72600e-06
      0.19903642    0.0846692     0.776925   0.00135253  0.000259723
  5.66762e-05  0.000295146
      0.19903642     0.127004     0.162019   0.00390427  0.000266583
  5.81732e-05  0.000851981
      0.19903642     0.169338    0.0691315   0.00203683  0.000187092
  4.08267e-05  0.000444472
      0.19903642     0.211673    0.0426977  0.000903637  0.000252892
  5.51855e-05  0.000197190
      0.19903642     0.254008    0.0309035  0.000910799  0.000264116
  5.76348e-05  0.000198753
      0.19903642     0.296342    0.0249398  0.000904841  0.000198109
  4.32310e-05  0.000197453
      0.19903642     0.338677    0.0218408  0.000797996  0.000198604
  4.33390e-05  0.000174137
      0.19903642     0.381011    0.0201755  0.000910318  0.000221765
  4.83931e-05  0.000198648
      0.19903642     0.423346    0.0189217   0.00105573  0.000219919
  4.79902e-05  0.000230378
