k ps_3d err_sample_variance err_thermal_noise
0.07597061462993654 -5.7152365742929522553 0.009439623080446411 5.715648089051035718
0.0948241797491695 -9.8245515712797680695 0.05301252268968921 9.846054895785701174
0.1183566186597577 -17.027574336883571185 0.05895609663441104 17.049235404762352298
0.14772908363274287 -23.262806206211716749 0.11797636748171011 28.8210628196140139
0.18439088914585774 -20.096176280011745054 0.35867839634843274 41.814124442594812665
0.23015102486200073 -3.2549749674678878641 0.7177170727305078 59.300332558533485842
0.28726741592492194 19.434752047654910156 0.8042740243993122 68.6052177023785456
0.3585583349092749 53.164002208579979283 1.04919423102998 80.82092338832309884
0.44754146278292933 47.323649448360290477 0.7642448378455903 93.124819997777774146
