k ps_3d err_sample_variance err_thermal_noise
0.07597061462993654 16277234.392731650315 352601.10890335316 5.715648089051035718
0.0948241797491695 14951589.269957953302 2476960.4161990676 9.846054895785701174
0.1183566186597577 6912575.4554833507186 313916.9198931163 17.049235404762352298
0.14772908363274287 5301881.5019103979535 57682.997818142445 28.8210628196140139
0.18439088914585774 2345373.1138054614573 1035079.4775271761 41.814124442594812665
0.23015102486200073 971264.8573999284811 842782.0627740439 59.300332558533485842
0.28726741592492194 505375.15269226239286 111945.62724637988 68.6052177023785456
0.3585583349092749 574278.0462462771816 898067.4547949858 80.82092338832309884
0.44754146278292933 483218.55342144565006 398300.2843678375 93.124819997777774146
