k ps_3d err_sample_variance
0.07597061462993654 5.715648089051035718 0.05461103197496604
0.0948241797491695 9.846054895785701174 0.07912031476414022
0.1183566186597577 17.049235404762352298 0.11298189222609208
0.14772908363274287 28.8210628196140139 0.12345032215997657
0.18439088914585774 41.814124442594812665 0.15856760617453894
0.23015102486200073 59.300332558533485842 0.15572009035553322
0.28726741592492194 68.6052177023785456 0.12453279629515832
0.3585583349092749 80.82092338832309884 0.21521560290245828
0.44754146278292933 93.124819997777774146 0.17901569438725495
