k ps_3d err_sample_variance err_thermal_noise
0.07597061462993654 0.000118974084797795648305 0.0034098797478804388 0.0
0.0948241797491695 0.017087346482285692956 0.019985833294117343 0.0
0.1183566186597577 0.0068527054145548693333 0.019210456392374117 0.0
0.14772908363274287 1.865298067248945533 0.05032598925564881 0.0
0.18439088914585774 11.459053245548826122 0.25173488499479774 0.0
0.23015102486200073 26.585293355628154878 0.6604829766134153 0.0
0.28726741592492194 31.09677237994342736 0.5205185792338821 0.0
0.3585583349092749 57.86169468001042257 1.0379293766309021 0.0
0.44754146278292933 55.15922725794506195 0.9588723530826821 0.0
