k ps_3d err_sample_variance err_thermal_noise
0.07597061462993654 16276973.219293893956 352521.04957929335 0.0
0.0948241797491695 14951471.352117512713 2476942.1892029666 0.0
0.1183566186597577 6912702.6142136227395 313955.75924682687 0.0
0.14772908363274287 5301195.445993526942 57679.13294776817 0.0
0.18439088914585774 2345520.5489887240026 1035003.9268292997 0.0
0.23015102486200073 971292.79616437228873 842722.6237219437 0.0
0.28726741592492194 505295.86172606371207 111938.97906904235 0.0
0.3585583349092749 574234.96388119663055 898069.5511686652 0.0
0.44754146278292933 483380.46595630964967 398302.82775370224 0.0
