k per (hMpc^-1)  k par (hMpc^-1) P_21 (K^2h^-3Mpc^3)  P_noise (K^2h^-3Mpc^3)  
Delta P_thermal (K^2h^-3Mpc^3)  Sample variance (K^2h^-3Mpc^3) 
    0.0076552470    0.0423346 -6.94754e-06  0.000154002  3.36060e-05
  1.51608e-06
    0.0076552470    0.0846692  0.000106904  0.000212960  4.64717e-05
  2.33284e-05
    0.0076552470     0.127004  0.000391338  7.59951e-05  1.65835e-05
  8.53970e-05
    0.0076552470     0.169338   0.00299042  0.000141559  3.08907e-05
  0.000652563
    0.0076552470     0.211673  0.000663646  8.17726e-05  1.78442e-05
  0.000144819
    0.0076552470     0.254008   0.00155582  0.000593330  0.000129475
  0.000339507
    0.0076552470     0.296342  0.000533313  0.000403099  8.79634e-05
  0.000116379
    0.0076552470     0.338677  0.000317731  0.000247899  5.40960e-05
  6.93347e-05
    0.0076552470     0.381011  0.000376196  0.000246118  5.37072e-05
  8.20928e-05
    0.0076552470     0.423346  0.000746938  4.67465e-05  1.02009e-05
  0.000162995
     0.015310494    0.0423346  0.000216739  0.000464124  0.000101280
  4.72963e-05
     0.015310494    0.0846692  0.000741945  0.000236010  5.15015e-05
  0.000161906
     0.015310494     0.127004  0.000539345  0.000193777  4.22855e-05
  0.000117695
     0.015310494     0.169338   0.00277574  0.000182338  3.97894e-05
  0.000605715
     0.015310494     0.211673  0.000851530  0.000153216  3.34345e-05
  0.000185819
     0.015310494     0.254008   0.00135552  0.000613334  0.000133840
  0.000295798
     0.015310494     0.296342  0.000660923  0.000348902  7.61366e-05
  0.000144225
     0.015310494     0.338677  0.000536199  0.000356235  7.77368e-05
  0.000117008
     0.015310494     0.381011  0.000469795  0.000488056  0.000106503
  0.000102518
     0.015310494     0.423346  0.000616083  0.000180250  3.93339e-05
  0.000134440
     0.022965741    0.0423346  0.000786065  0.000638875  0.000139414
  0.000171533
     0.022965741    0.0846692   0.00146680  0.000361245  7.88302e-05
  0.000320082
     0.022965741     0.127004  0.000931298  0.000357695  7.80554e-05
  0.000203226
     0.022965741     0.169338   0.00217973  0.000300268  6.55239e-05
  0.000475657
     0.022965741     0.211673  0.000902819  0.000332240  7.25006e-05
  0.000197011
     0.022965741     0.254008  0.000901683  0.000602693  0.000131518
  0.000196763
     0.022965741     0.296342  0.000919982  0.000259598  5.66489e-05
  0.000200757
     0.022965741     0.338677  0.000939348  0.000366512  7.99796e-05
  0.000204983
     0.022965741     0.381011  0.000684862  0.000591480  0.000129072
  0.000149449
     0.022965741     0.423346  0.000636630  0.000396324  8.64849e-05
  0.000138924
     0.030620988    0.0423346  0.000863832  0.000552155  0.000120490
  0.000188504
     0.030620988    0.0846692   0.00131208  0.000503217  0.000109811
  0.000286318
     0.030620988     0.127004   0.00144290  0.000419765  9.16002e-05
  0.000314868
     0.030620988     0.169338   0.00159484  0.000354893  7.74440e-05
  0.000348022
     0.030620988     0.211673  0.000620876  0.000504168  0.000110018
  0.000135486
     0.030620988     0.254008  0.000394767  0.000582414  0.000127093
  8.61453e-05
     0.030620988     0.296342  0.000954481  0.000233078  5.08618e-05
  0.000208285
     0.030620988     0.338677   0.00102869  0.000294619  6.42911e-05
  0.000224479
     0.030620988     0.381011  0.000694510  0.000581423  0.000126877
  0.000151555
     0.030620988     0.423346  0.000503312  0.000635756  0.000138733
  0.000109832
     0.038276235    0.0423346  0.000566328  0.000449723  9.81376e-05
  0.000123583
     0.038276235    0.0846692   0.00106841  0.000454776  9.92403e-05
  0.000233146
     0.038276235     0.127004   0.00158260  0.000402233  8.77744e-05
  0.000345352
     0.038276235     0.169338   0.00132702  0.000458063  9.99575e-05
  0.000289579
     0.038276235     0.211673  0.000218758  0.000610933  0.000133317
  4.77368e-05
     0.038276235     0.254008  0.000538387  0.000448902  9.79584e-05
  0.000117486
     0.038276235     0.296342   0.00112576  0.000228822  4.99329e-05
  0.000245662
     0.038276235     0.338677   0.00134832  0.000283547  6.18751e-05
  0.000294228
     0.038276235     0.381011  0.000364081  0.000582847  0.000127188
  7.94489e-05
     0.038276235     0.423346  0.000604383  0.000689208  0.000150397
  0.000131887
     0.045931482    0.0423346  0.000188214  0.000551687  0.000120388
  4.10716e-05
     0.045931482    0.0846692   0.00100753  0.000420080  9.16689e-05
  0.000219861
     0.045931482     0.127004   0.00149726  0.000447399  9.76304e-05
  0.000326730
     0.045931482     0.169338   0.00118036  0.000503759  0.000109929
  0.000257575
     0.045931482     0.211673  0.000101729  0.000545795  0.000119102
  2.21992e-05
     0.045931482     0.254008  0.000838772  0.000372054  8.11887e-05
  0.000183035
     0.045931482     0.296342   0.00110301  0.000253323  5.52796e-05
  0.000240697
     0.045931482     0.338677   0.00140279  0.000279565  6.10060e-05
  0.000306115
     0.045931482     0.381011  0.000264434  0.000524723  0.000114504
  5.77043e-05
     0.045931482     0.423346  0.000590513  0.000585635  0.000127796
  0.000128861
     0.053586729    0.0423346 -7.99544e-05  0.000656640  0.000143291
  1.74475e-05
     0.053586729    0.0846692   0.00108928  0.000387554  8.45711e-05
  0.000237700
     0.053586729     0.127004   0.00114649  0.000561610  0.000122553
  0.000250185
     0.053586729     0.169338   0.00119753  0.000502523  0.000109659
  0.000261323
     0.053586729     0.211673  0.000232241  0.000425472  9.28456e-05
  5.06790e-05
     0.053586729     0.254008  0.000727930  0.000427962  9.33890e-05
  0.000158847
     0.053586729     0.296342   0.00102295  0.000264919  5.78100e-05
  0.000223227
     0.053586729     0.338677   0.00100373  0.000285756  6.23570e-05
  0.000219031
     0.053586729     0.381011  0.000760554  0.000444025  9.68942e-05
  0.000165966
     0.053586729     0.423346  0.000857812  0.000435546  9.50439e-05
  0.000187190
     0.061241976    0.0423346 -0.000126124  0.000656821  0.000143330
  2.75224e-05
     0.061241976    0.0846692   0.00120207  0.000427447  9.32766e-05
  0.000262312
     0.061241976     0.127004  0.000879219  0.000506541  0.000110536
  0.000191861
     0.061241976     0.169338   0.00113177  0.000559224  0.000122033
  0.000246973
     0.061241976     0.211673  0.000374816  0.000377098  8.22896e-05
  8.17916e-05
     0.061241976     0.254008  0.000297623  0.000653570  0.000142621
  6.49466e-05
     0.061241976     0.296342  0.000868749  0.000321326  7.01191e-05
  0.000189577
     0.061241976     0.338677  0.000822952  0.000314122  6.85469e-05
  0.000179583
     0.061241976     0.381011   0.00134198  0.000429764  9.37822e-05
  0.000292844
     0.061241976     0.423346   0.00147485  0.000299652  6.53895e-05
  0.000321838
     0.068897223    0.0423346  0.000170471  0.000450418  9.82893e-05
  3.71999e-05
     0.068897223    0.0846692   0.00125914  0.000477061  0.000104103
  0.000274768
     0.068897223     0.127004  0.000873854  0.000540728  0.000117996
  0.000190691
     0.068897223     0.169338   0.00109578  0.000577589  0.000126040
  0.000239119
     0.068897223     0.211673  0.000449160  0.000340001  7.41943e-05
  9.80147e-05
     0.068897223     0.254008  7.04596e-05  0.000821755  0.000179322
  1.53755e-05
     0.068897223     0.296342  0.000558638  0.000413148  9.01563e-05
  0.000121905
     0.068897223     0.338677   0.00112190  0.000412930  9.01087e-05
  0.000244820
     0.068897223     0.381011   0.00157496  0.000437957  9.55702e-05
  0.000343684
     0.068897223     0.423346   0.00176239  0.000291578  6.36274e-05
  0.000384586
     0.076552470    0.0423346   0.00105659  0.000466938  0.000101894
  0.000230567
     0.076552470    0.0846692   0.00123488  0.000469237  0.000102396
  0.000269472
     0.076552470     0.127004   0.00139351  0.000542745  0.000118437
  0.000304089
     0.076552470     0.169338   0.00116085  0.000489661  0.000106853
  0.000253317
     0.076552470     0.211673  0.000646076  0.000407462  8.89155e-05
  0.000140985
     0.076552470     0.254008  0.000544559  0.000653224  0.000142545
  0.000118833
     0.076552470     0.296342  0.000418627  0.000507018  0.000110640
  9.13520e-05
     0.076552470     0.338677   0.00113415  0.000484832  0.000105799
  0.000247493
     0.076552470     0.381011   0.00131044  0.000457886  9.99189e-05
  0.000285961
     0.076552470     0.423346   0.00159163  0.000260028  5.67428e-05
  0.000347322
     0.084207717    0.0423346   0.00256362  0.000428112  9.34217e-05
  0.000559427
     0.084207717    0.0846692   0.00140084  0.000452107  9.86578e-05
  0.000305688
     0.084207717     0.127004   0.00144811  0.000436823  9.53225e-05
  0.000316003
     0.084207717     0.169338   0.00141984  0.000418659  9.13589e-05
  0.000309835
     0.084207717     0.211673   0.00105776  0.000508158  0.000110889
  0.000230823
     0.084207717     0.254008  0.000906073  0.000591891  0.000129161
  0.000197721
     0.084207717     0.296342  0.000878884  0.000564082  0.000123093
  0.000191788
     0.084207717     0.338677  0.000747977  0.000550089  0.000120039
  0.000163222
     0.084207717     0.381011  0.000831553  0.000501737  0.000109488
  0.000181460
     0.084207717     0.423346   0.00132104  0.000349937  7.63625e-05
  0.000288274
     0.091862964    0.0423346   0.00273857  0.000557787  0.000121719
  0.000597605
     0.091862964    0.0846692   0.00168838  0.000519878  0.000113447
  0.000368435
     0.091862964     0.127004  0.000949263  0.000406581  8.87232e-05
  0.000207146
     0.091862964     0.169338   0.00163785  0.000412406  8.99944e-05
  0.000357409
     0.091862964     0.211673   0.00153712  0.000622584  0.000135859
  0.000335427
     0.091862964     0.254008  0.000714753  0.000729495  0.000159189
  0.000155972
     0.091862964     0.296342   0.00161305  0.000639508  0.000139552
  0.000351997
     0.091862964     0.338677  0.000702329  0.000659885  0.000143999
  0.000153261
     0.091862964     0.381011  0.000693112  0.000553956  0.000120883
  0.000151249
     0.091862964     0.423346   0.00138676  0.000541838  0.000118239
  0.000302617
     0.099518211    0.0423346   0.00193995  0.000622218  0.000135779
  0.000423332
     0.099518211    0.0846692   0.00177135  0.000571608  0.000124735
  0.000386540
     0.099518211     0.127004  0.000503052  0.000422799  9.22624e-05
  0.000109775
     0.099518211     0.169338   0.00160016  0.000374690  8.17640e-05
  0.000349184
     0.099518211     0.211673   0.00119323  0.000835047  0.000182222
  0.000260385
     0.099518211     0.254008  0.000743560  0.000872159  0.000190321
  0.000162258
     0.099518211     0.296342   0.00171403  0.000812181  0.000177232
  0.000374033
     0.099518211     0.338677  0.000712815  0.000812370  0.000177274
  0.000155549
     0.099518211     0.381011  0.000607600  0.000708562  0.000154621
  0.000132589
     0.099518211     0.423346   0.00199296  0.000502480  0.000109650
  0.000434899
      0.10717346    0.0423346   0.00150570  0.000503162  0.000109799
  0.000328570
      0.10717346    0.0846692   0.00179110  0.000587193  0.000128136
  0.000390850
      0.10717346     0.127004  0.000708992  0.000494409  0.000107889
  0.000154715
      0.10717346     0.169338   0.00175330  0.000462620  0.000100952
  0.000382601
      0.10717346     0.211673  0.000717747   0.00105111  0.000229372
  0.000156625
      0.10717346     0.254008   0.00156708  0.000869200  0.000189675
  0.000341964
      0.10717346     0.296342   0.00123465  0.000982679  0.000214438
  0.000269422
      0.10717346     0.338677  0.000840215  0.000969220  0.000211501
  0.000183350
      0.10717346     0.381011   0.00113746  0.000879360  0.000191892
  0.000248214
      0.10717346     0.423346   0.00210789  0.000525279  0.000114625
  0.000459978
      0.11482871    0.0423346   0.00233670  0.000578818  0.000126309
  0.000509909
      0.11482871    0.0846692   0.00157937  0.000630189  0.000137518
  0.000344647
      0.11482871     0.127004   0.00100643  0.000717350  0.000156539
  0.000219620
      0.11482871     0.169338   0.00199985  0.000678355  0.000148029
  0.000436403
      0.11482871     0.211673  0.000778765  0.000928156  0.000202540
  0.000169940
      0.11482871     0.254008   0.00258255  0.000768806  0.000167767
  0.000563558
      0.11482871     0.296342  0.000916658   0.00107704  0.000235030
  0.000200031
      0.11482871     0.338677   0.00114691  0.000885157  0.000193157
  0.000250276
      0.11482871     0.381011   0.00129553  0.000948793  0.000207044
  0.000282707
      0.11482871     0.423346   0.00141818  0.000701831  0.000153152
  0.000309472
      0.12248395    0.0423346   0.00237641  0.000862690  0.000188254
  0.000518574
      0.12248395    0.0846692   0.00213692  0.000661050  0.000144253
  0.000466313
      0.12248395     0.127004   0.00119565  0.000988738  0.000215760
  0.000260913
      0.12248395     0.169338   0.00131714  0.000854913  0.000186557
  0.000287423
      0.12248395     0.211673   0.00116910  0.000704577  0.000153751
  0.000255118
      0.12248395     0.254008   0.00316057  0.000746437  0.000162886
  0.000689692
      0.12248395     0.296342  0.000901620   0.00117411  0.000256212
  0.000196750
      0.12248395     0.338677   0.00114000  0.000726206  0.000158471
  0.000248768
      0.12248395     0.381011   0.00177983  0.000961834  0.000209889
  0.000388392
      0.12248395     0.423346   0.00101591  0.000805778  0.000175835
  0.000221690
      0.13013920    0.0423346   0.00196690  0.000952877  0.000207935
  0.000429213
      0.13013920    0.0846692   0.00220508  0.000816206  0.000178111
  0.000481188
      0.13013920     0.127004   0.00128456   0.00114824  0.000250566
  0.000280313
      0.13013920     0.169338   0.00118163  0.000916390  0.000199973
  0.000257853
      0.13013920     0.211673   0.00144079  0.000583682  0.000127370
  0.000314405
      0.13013920     0.254008   0.00293139  0.000707097  0.000154301
  0.000639682
      0.13013920     0.296342   0.00107676   0.00118283  0.000258115
  0.000234968
      0.13013920     0.338677   0.00147376  0.000782998  0.000170864
  0.000321600
      0.13013920     0.381011   0.00171882   0.00106049  0.000231418
  0.000375078
      0.13013920     0.423346  0.000970493  0.000925460  0.000201952
  0.000211779
      0.13779445    0.0423346   0.00154787   0.00109551  0.000239059
  0.000337774
      0.13779445    0.0846692   0.00183502  0.000851444  0.000185800
  0.000400434
      0.13779445     0.127004   0.00141840   0.00129767  0.000283175
  0.000309519
      0.13779445     0.169338   0.00192857   0.00105665  0.000230580
  0.000420848
      0.13779445     0.211673   0.00205523  0.000570851  0.000124570
  0.000448488
      0.13779445     0.254008   0.00241705  0.000724930  0.000158193
  0.000527444
      0.13779445     0.296342   0.00147738  0.000963936  0.000210348
  0.000322390
      0.13779445     0.338677   0.00141711  0.000992754  0.000216637
  0.000309239
      0.13779445     0.381011   0.00171281   0.00117921  0.000257324
  0.000373766
      0.13779445     0.423346   0.00153230   0.00109154  0.000238193
  0.000334375
      0.14544969    0.0423346   0.00154885   0.00133166  0.000290591
  0.000337986
      0.14544969    0.0846692   0.00220142  0.000969990  0.000211669
  0.000480388
      0.14544969     0.127004   0.00163220   0.00129120  0.000281762
  0.000356176
      0.14544969     0.169338   0.00201098   0.00112021  0.000244449
  0.000438832
      0.14544969     0.211673   0.00250891  0.000612938  0.000133754
  0.000547488
      0.14544969     0.254008   0.00198773  0.000792366  0.000172908
  0.000433759
      0.14544969     0.296342   0.00175672   0.00101296  0.000221047
  0.000383347
      0.14544969     0.338677   0.00124914  0.000959256  0.000209327
  0.000272585
      0.14544969     0.381011   0.00175312   0.00102841  0.000224417
  0.000382562
      0.14544969     0.423346   0.00238894   0.00113779  0.000248286
  0.000521308
      0.15310494    0.0423346   0.00155720   0.00135697  0.000296116
  0.000339809
      0.15310494    0.0846692   0.00253497   0.00109614  0.000239197
  0.000553176
      0.15310494     0.127004   0.00179278   0.00124300  0.000271246
  0.000391216
      0.15310494     0.169338   0.00204103   0.00117457  0.000256311
  0.000445389
      0.15310494     0.211673   0.00290952  0.000757991  0.000165407
  0.000634909
      0.15310494     0.254008   0.00173686  0.000880936  0.000192236
  0.000379014
      0.15310494     0.296342   0.00225425   0.00113510  0.000247700
  0.000491917
      0.15310494     0.338677   0.00131869   0.00103312  0.000225445
  0.000287762
      0.15310494     0.381011   0.00167566   0.00124424  0.000271515
  0.000365658
      0.15310494     0.423346   0.00256639   0.00126432  0.000275896
  0.000560031
      0.16076019    0.0423346   0.00180869  0.000865533  0.000188875
  0.000394690
      0.16076019    0.0846692   0.00236930   0.00119392  0.000260535
  0.000517024
      0.16076019     0.127004   0.00228716   0.00132454  0.000289037
  0.000499099
      0.16076019     0.169338   0.00247699   0.00129689  0.000283004
  0.000540523
      0.16076019     0.211673   0.00288735  0.000839940  0.000183290
  0.000630072
      0.16076019     0.254008   0.00200750  0.000955361  0.000208477
  0.000438073
      0.16076019     0.296342   0.00192474   0.00130732  0.000285280
  0.000420013
      0.16076019     0.338677   0.00212283   0.00111202  0.000242663
  0.000463239
      0.16076019     0.381011   0.00169537   0.00165729  0.000361650
  0.000369959
      0.16076019     0.423346   0.00242863   0.00117278  0.000255921
  0.000529971
      0.16841543    0.0423346   0.00177849  0.000806900  0.000176080
  0.000388099
      0.16841543    0.0846692   0.00231226   0.00135295  0.000295237
  0.000504577
      0.16841543     0.127004   0.00222445   0.00158287  0.000345411
  0.000485416
      0.16841543     0.169338   0.00305325   0.00150168  0.000327693
  0.000666273
      0.16841543     0.211673   0.00297736   0.00108535  0.000236842
  0.000649713
      0.16841543     0.254008   0.00212018   0.00119191  0.000260096
  0.000462661
      0.16841543     0.296342   0.00167500   0.00142960  0.000311965
  0.000365516
      0.16841543     0.338677   0.00305532   0.00105609  0.000230457
  0.000666725
      0.16841543     0.381011   0.00174310   0.00182927  0.000399180
  0.000380376
      0.16841543     0.423346   0.00263399   0.00116528  0.000254285
  0.000574783
      0.17607068    0.0423346   0.00136651   0.00121409  0.000264935
  0.000298197
      0.17607068    0.0846692   0.00185322   0.00151287  0.000330135
  0.000404407
      0.17607068     0.127004   0.00209088   0.00211888  0.000462377
  0.000456267
      0.17607068     0.169338   0.00409862   0.00180708  0.000394337
  0.000894393
      0.17607068     0.211673   0.00361253   0.00153657  0.000335308
  0.000788320
      0.17607068     0.254008   0.00306309   0.00149887  0.000327081
  0.000668421
      0.17607068     0.296342   0.00211728   0.00175728  0.000383470
  0.000462029
      0.17607068     0.338677   0.00330865   0.00113043  0.000246681
  0.000722007
      0.17607068     0.381011   0.00266626   0.00158645  0.000346193
  0.000581826
      0.17607068     0.423346   0.00308993   0.00117811  0.000257084
  0.000674278
      0.18372593    0.0423346   0.00158586   0.00162421  0.000354431
  0.000346063
      0.18372593    0.0846692   0.00189836   0.00172936  0.000377378
  0.000414256
      0.18372593     0.127004   0.00158683   0.00282804  0.000617130
  0.000346274
      0.18372593     0.169338   0.00503970   0.00210339  0.000458998
   0.00109975
      0.18372593     0.211673   0.00322854   0.00179558  0.000391829
  0.000704526
      0.18372593     0.254008   0.00367372   0.00193750  0.000422798
  0.000801672
      0.18372593     0.296342   0.00280505   0.00228789  0.000499258
  0.000612111
      0.18372593     0.338677   0.00291980   0.00147771  0.000322462
  0.000637153
      0.18372593     0.381011   0.00373955   0.00143718  0.000313618
  0.000816037
      0.18372593     0.423346   0.00348558   0.00133855  0.000292096
  0.000760616
      0.19138118    0.0423346   0.00241957   0.00170933  0.000373006
  0.000527993
      0.19138118    0.0846692   0.00323978   0.00231590  0.000505370
  0.000706978
      0.19138118     0.127004   0.00279220   0.00285314  0.000622607
  0.000609307
      0.19138118     0.169338   0.00535556   0.00236705  0.000516533
   0.00116868
      0.19138118     0.211673   0.00239716   0.00217423  0.000474457
  0.000523104
      0.19138118     0.254008   0.00381340   0.00264773  0.000577783
  0.000832152
      0.19138118     0.296342   0.00384677   0.00219685  0.000479392
  0.000839434
      0.19138118     0.338677   0.00222573   0.00224307  0.000489479
  0.000485694
      0.19138118     0.381011   0.00415523   0.00171526  0.000374301
  0.000906747
      0.19138118     0.423346   0.00417358   0.00144174  0.000314613
  0.000910749
      0.19903642    0.0423346   0.00428027   0.00215428  0.000470102
  0.000934032
      0.19903642    0.0846692   0.00527951   0.00287655  0.000627715
   0.00115208
      0.19903642     0.127004   0.00443836   0.00232212  0.000506729
  0.000968530
      0.19903642     0.169338   0.00427336   0.00280691  0.000612518
  0.000932524
      0.19903642     0.211673   0.00340799   0.00268984  0.000586972
  0.000743685
      0.19903642     0.254008   0.00390558   0.00313412  0.000683921
  0.000852268
      0.19903642     0.296342   0.00526268   0.00222236  0.000484959
   0.00114841
      0.19903642     0.338677   0.00253567   0.00293363  0.000640171
  0.000553327
      0.19903642     0.381011   0.00385134   0.00225455  0.000491983
  0.000840431
      0.19903642     0.423346   0.00532697   0.00164386  0.000358719
   0.00116244
