k per (hMpc^-1)  k par (hMpc^-1) P_FG (K^2h^-3Mpc^3)  P_21 (K^2h^-3Mpc^3)  
P_noise (K^2h^-3Mpc^3)  Delta P_thermal (K^2h^-3Mpc^3)  
Sample variance (K^2h^-3Mpc^3) 
    0.0076552470    0.0423346      174580.   0.00451539   0.00283158
  0.000617901  0.000985339
    0.0076552470    0.0846692      480.318     0.136896   0.00338194
  0.000737999    0.0298731
    0.0076552470     0.127004      110.192     0.250394   0.00514790
   0.00112336    0.0546405
    0.0076552470     0.169338      46.7367     0.368417   0.00754582
   0.00164663    0.0803951
    0.0076552470     0.211673      28.3757     0.176409   0.00111313
  0.000242906    0.0384956
    0.0076552470     0.254008      20.5449    0.0391625    0.0161034
   0.00351405   0.00854595
    0.0076552470     0.296342      16.5877   0.00992585   0.00121023
  0.000264095   0.00216600
    0.0076552470     0.338677      14.4412   0.00407643   0.00292781
  0.000638901  0.000889550
    0.0076552470     0.381011      13.2993    0.0553866   0.00654976
   0.00142927    0.0120864
    0.0076552470     0.423346      12.6509     0.122517   0.00129794
  0.000283234    0.0267354
     0.015310494    0.0423346      379249.    0.0112319   0.00280230
  0.000611511   0.00245101
     0.015310494    0.0846692      1044.14     0.296037   0.00284719
  0.000621308    0.0646005
     0.015310494     0.127004      239.191     0.518862   0.00589888
   0.00128724     0.113225
     0.015310494     0.169338      101.462     0.795827   0.00832412
   0.00181647     0.173664
     0.015310494     0.211673      61.5441     0.400598   0.00140110
  0.000305744    0.0874177
     0.015310494     0.254008      44.5759     0.102802    0.0125538
   0.00273946    0.0224332
     0.015310494     0.296342      36.0509    0.0114027   0.00185300
  0.000404358   0.00248828
     0.015310494     0.338677      31.3708    0.0131098   0.00414610
  0.000904753   0.00286078
     0.015310494     0.381011      28.8650     0.115902   0.00695593
   0.00151791    0.0252918
     0.015310494     0.423346      27.4154     0.206564   0.00168762
  0.000368269    0.0450759
     0.022965741    0.0423346      374748.   0.00468472   0.00258443
  0.000563970   0.00102229
     0.022965741    0.0846692      742.870     0.207977   0.00205501
  0.000448441    0.0453844
     0.022965741     0.127004      169.999     0.363995   0.00557871
   0.00121738    0.0794303
     0.022965741     0.169338      72.1404     0.555646   0.00865969
   0.00188970     0.121252
     0.022965741     0.211673      43.6862     0.319559   0.00251629
  0.000549100    0.0697336
     0.022965741     0.254008      31.6920    0.0755514   0.00594375
   0.00129703    0.0164867
     0.022965741     0.296342      25.6404    0.0119112   0.00198210
  0.000432529   0.00259923
     0.022965741     0.338677      22.3188    0.0141841   0.00419029
  0.000914396   0.00309523
     0.022965741     0.381011      20.5328    0.0920672   0.00611854
   0.00133518    0.0200907
     0.022965741     0.423346      19.5006     0.155682   0.00241732
  0.000527503    0.0339727
     0.030620988    0.0423346      192767. -0.000375155   0.00205363
  0.000448139  8.18655e-05
     0.030620988    0.0846692      194.087    0.0519515   0.00225576
  0.000492248    0.0113367
     0.030620988     0.127004      44.2884     0.102978   0.00411407
  0.000897764    0.0224717
     0.030620988     0.169338      18.8040     0.144473   0.00914084
   0.00199470    0.0315265
     0.030620988     0.211673      11.3564     0.107880   0.00454120
  0.000990971    0.0235413
     0.030620988     0.254008      8.26293    0.0259490   0.00240084
  0.000523907   0.00566253
     0.030620988     0.296342      6.68614    0.0139785   0.00174430
  0.000380637   0.00305035
     0.030620988     0.338677      5.83179    0.0109592   0.00331205
  0.000722748   0.00239150
     0.030620988     0.381011      5.36053    0.0329059   0.00460294
   0.00100444   0.00718066
     0.030620988     0.423346      5.09840    0.0555761   0.00323222
  0.000705328    0.0121277
     0.038276235    0.0423346      100894. -0.000737969   0.00190742
  0.000416234  0.000161038
     0.038276235    0.0846692      47.9188   0.00994491   0.00400482
  0.000873924   0.00217016
     0.038276235     0.127004      10.8861    0.0290290   0.00382916
  0.000835592   0.00633464
     0.038276235     0.169338      4.63809    0.0340389   0.00930417
   0.00203034   0.00742789
     0.038276235     0.211673      2.81553    0.0261492   0.00652776
   0.00142447   0.00570623
     0.038276235     0.254008      2.03879    0.0177260   0.00157494
  0.000343680   0.00386812
     0.038276235     0.296342      1.66798    0.0125526   0.00158307
  0.000345454   0.00273921
     0.038276235     0.338677      1.44306    0.0113626   0.00393119
  0.000857855   0.00247953
     0.038276235     0.381011      1.32165   0.00992465   0.00278416
  0.000607554   0.00216574
     0.038276235     0.423346      1.25424    0.0144895   0.00450756
  0.000983629   0.00316188
     0.045931482    0.0423346      65006.8  -0.00285989   0.00343557
  0.000749703  0.000624079
     0.045931482    0.0846692      34.8013   0.00712407   0.00418004
  0.000912160   0.00155460
     0.045931482     0.127004      7.98650    0.0177992   0.00409571
  0.000893758   0.00388410
     0.045931482     0.169338      3.41186    0.0234630   0.00827363
   0.00180545   0.00512005
     0.045931482     0.211673      2.08206    0.0140399   0.00628067
   0.00137055   0.00306376
     0.045931482     0.254008      1.49937    0.0210762   0.00224419
  0.000489722   0.00459920
     0.045931482     0.296342      1.22914   0.00898132   0.00229672
  0.000501185   0.00195989
     0.045931482     0.338677      1.06017   0.00962966   0.00528174
   0.00115257   0.00210136
     0.045931482     0.381011     0.970480   0.00772319   0.00237307
  0.000517846   0.00168534
     0.045931482     0.423346     0.923536   0.00729215   0.00531266
   0.00115932   0.00159128
     0.053586729    0.0423346      40464.6  -0.00349484   0.00429108
  0.000936390  0.000762637
     0.053586729    0.0846692      17.9738   0.00275835   0.00427625
  0.000933153  0.000601921
     0.053586729     0.127004      4.18225    0.0126751   0.00462215
   0.00100864   0.00276593
     0.053586729     0.169338      1.78536    0.0139231   0.00715810
   0.00156203   0.00303827
     0.053586729     0.211673      1.08764    0.0141047   0.00572926
   0.00125023   0.00307789
     0.053586729     0.254008     0.781867    0.0187272   0.00308997
  0.000674287   0.00408661
     0.053586729     0.296342     0.640363   0.00651745   0.00339356
  0.000740536   0.00142223
     0.053586729     0.338677     0.552515   0.00679667   0.00502951
   0.00109753   0.00148316
     0.053586729     0.381011     0.506211   0.00920651   0.00348907
  0.000761377   0.00200903
     0.053586729     0.423346     0.483895   0.00945737   0.00587292
   0.00128158   0.00206377
     0.061241976    0.0423346      25039.9  -0.00244629   0.00345090
  0.000753048  0.000533824
     0.061241976    0.0846692      10.7135  0.000350025   0.00441738
  0.000963951  7.63818e-05
     0.061241976     0.127004      2.50918    0.0127869   0.00419134
  0.000914625   0.00279033
     0.061241976     0.169338      1.07109    0.0121910   0.00704270
   0.00153684   0.00266029
     0.061241976     0.211673     0.647192    0.0183553   0.00524375
   0.00114428   0.00400546
     0.061241976     0.254008     0.467314    0.0118075   0.00408242
  0.000890857   0.00257660
     0.061241976     0.296342     0.378980   0.00698776   0.00505185
   0.00110240   0.00152485
     0.061241976     0.338677     0.327130   0.00838348   0.00430704
  0.000939874   0.00182943
     0.061241976     0.381011     0.299945    0.0102699   0.00522499
   0.00114019   0.00224107
     0.061241976     0.423346     0.289350    0.0165440   0.00487822
   0.00106451   0.00361020
     0.068897223    0.0423346      13094.2  -0.00195507   0.00333843
  0.000728505  0.000426631
     0.068897223    0.0846692      7.88460 -0.000682355   0.00449022
  0.000979846  0.000148902
     0.068897223     0.127004      1.82021   0.00952664   0.00373164
  0.000814312   0.00207888
     0.068897223     0.169338     0.778296    0.0156120   0.00645245
   0.00140804   0.00340682
     0.068897223     0.211673     0.471101    0.0236610   0.00547422
   0.00119457   0.00516326
     0.068897223     0.254008     0.341325    0.0122317   0.00564206
   0.00123120   0.00266918
     0.068897223     0.296342     0.276754   0.00941289   0.00539323
   0.00117690   0.00205406
     0.068897223     0.338677     0.237304    0.0144036   0.00457467
  0.000998275   0.00314311
     0.068897223     0.381011     0.220029    0.0115179   0.00603123
   0.00131612   0.00251342
     0.068897223     0.423346     0.210754    0.0168384   0.00429751
  0.000937793   0.00367445
     0.076552470    0.0423346      8619.10  -0.00231240   0.00406285
  0.000886586  0.000504607
     0.076552470    0.0846692      6.44659 -0.000767965   0.00449927
  0.000981821  0.000167584
     0.076552470     0.127004      1.46647   0.00594062   0.00515395
   0.00112469   0.00129635
     0.076552470     0.169338     0.631425    0.0122929   0.00518485
   0.00113143   0.00268252
     0.076552470     0.211673     0.378818    0.0195152   0.00635822
   0.00138748   0.00425856
     0.076552470     0.254008     0.278821    0.0121097   0.00701300
   0.00153036   0.00264255
     0.076552470     0.296342     0.227211    0.0112091   0.00617808
   0.00134817   0.00244603
     0.076552470     0.338677     0.194303    0.0209381   0.00366552
  0.000799881   0.00456907
     0.076552470     0.381011     0.181566    0.0111246   0.00664459
   0.00144997   0.00242760
     0.076552470     0.423346     0.172775    0.0140322   0.00400819
  0.000874658   0.00306207
     0.084207717    0.0423346      4687.46  -0.00226668   0.00412806
  0.000900817  0.000494630
     0.084207717    0.0846692      4.27197  -0.00214407   0.00544360
   0.00118789  0.000467874
     0.084207717     0.127004     0.939656   0.00700663   0.00649586
   0.00141751   0.00152897
     0.084207717     0.169338     0.407146    0.0101286   0.00437229
  0.000954112   0.00221023
     0.084207717     0.211673     0.245211    0.0104711   0.00793227
   0.00173096   0.00228499
     0.084207717     0.254008     0.180193    0.0105610   0.00793284
   0.00173109   0.00230460
     0.084207717     0.296342     0.146858    0.0100112   0.00565198
   0.00123336   0.00218462
     0.084207717     0.338677     0.124473    0.0248658   0.00393143
  0.000857908   0.00542616
     0.084207717     0.381011     0.116263    0.0139898   0.00551034
   0.00120245   0.00305283
     0.084207717     0.423346     0.112502    0.0110006   0.00529773
   0.00115606   0.00240053
     0.091862964    0.0423346      4799.99  -0.00292456   0.00459891
   0.00100356  0.000638191
     0.091862964    0.0846692      5.15504  -0.00302176   0.00597902
   0.00130473  0.000659402
     0.091862964     0.127004      1.11072    0.0136008   0.00703623
   0.00153543   0.00296793
     0.091862964     0.169338     0.478710    0.0181444   0.00484171
   0.00105655   0.00395944
     0.091862964     0.211673     0.286151    0.0117212   0.00726407
   0.00158515   0.00255777
     0.091862964     0.254008     0.210686   0.00918883   0.00842082
   0.00183757   0.00200517
     0.091862964     0.296342     0.167903    0.0109346   0.00573113
   0.00125063   0.00238612
     0.091862964     0.338677     0.142061    0.0255488   0.00558599
   0.00121896   0.00557521
     0.091862964     0.381011     0.130001    0.0192775   0.00542840
   0.00118457   0.00420670
     0.091862964     0.423346     0.125669    0.0122547   0.00609727
   0.00133053   0.00267419
     0.099518211    0.0423346      3814.55  -0.00583132   0.00715203
   0.00156070   0.00127250
     0.099518211    0.0846692      3.51188  -0.00335633   0.00597577
   0.00130402  0.000732412
     0.099518211     0.127004     0.757660    0.0127286   0.00761125
   0.00166091   0.00277762
     0.099518211     0.169338     0.325257    0.0271161   0.00486024
   0.00106059   0.00591722
     0.099518211     0.211673     0.194448    0.0114477   0.00627110
   0.00136847   0.00249809
     0.099518211     0.254008     0.141781    0.0117132   0.00778161
   0.00169809   0.00255603
     0.099518211     0.296342     0.111911    0.0148242   0.00490351
   0.00107003   0.00323490
     0.099518211     0.338677    0.0978721    0.0242197   0.00566056
   0.00123524   0.00528517
     0.099518211     0.381011    0.0897808    0.0195233   0.00503549
   0.00109883   0.00426033
     0.099518211     0.423346    0.0839335    0.0136927   0.00719035
   0.00156906   0.00298798
      0.10717346    0.0423346      3227.76  -0.00851448   0.00955279
   0.00208459   0.00185801
      0.10717346    0.0846692      2.80487  -0.00352913   0.00592968
   0.00129396  0.000770120
      0.10717346     0.127004     0.619246    0.0120034   0.00814371
   0.00177710   0.00261936
      0.10717346     0.169338     0.265237    0.0297115   0.00607667
   0.00132604   0.00648358
      0.10717346     0.211673     0.162846    0.0127190   0.00531309
   0.00115941   0.00277550
      0.10717346     0.254008     0.116249    0.0177958   0.00739678
   0.00161411   0.00388337
      0.10717346     0.296342    0.0938911    0.0183364   0.00518732
   0.00113197   0.00400134
      0.10717346     0.338677    0.0837969    0.0177968   0.00630683
   0.00137626   0.00388358
      0.10717346     0.381011    0.0766634    0.0126401   0.00674241
   0.00147131   0.00275830
      0.10717346     0.423346    0.0691712    0.0140503   0.00715551
   0.00156146   0.00306602
      0.11482871    0.0423346      2900.13  -0.00990171    0.0107803
   0.00235245   0.00216073
      0.11482871    0.0846692      2.23106  -0.00573273   0.00783855
   0.00171051   0.00125099
      0.11482871     0.127004     0.504024    0.0118323   0.00868781
   0.00189583   0.00258201
      0.11482871     0.169338     0.212838    0.0250726   0.00666590
   0.00145462   0.00547129
      0.11482871     0.211673     0.131117    0.0153477   0.00574994
   0.00125474   0.00334915
      0.11482871     0.254008    0.0918069    0.0213341   0.00747839
   0.00163192   0.00465548
      0.11482871     0.296342    0.0749497    0.0196950   0.00628840
   0.00137224   0.00429780
      0.11482871     0.338677    0.0663636    0.0137107   0.00866384
   0.00189061   0.00299191
      0.11482871     0.381011    0.0632927    0.0123876   0.00860866
   0.00187856   0.00270318
      0.11482871     0.423346    0.0569608   0.00933463   0.00861079
   0.00187903   0.00203698
      0.12248395    0.0423346      2719.61  -0.00893372   0.00982436
   0.00214385   0.00194950
      0.12248395    0.0846692      2.05271  -0.00666019   0.00858702
   0.00187384   0.00145337
      0.12248395     0.127004     0.445693    0.0118387   0.00855018
   0.00186580   0.00258341
      0.12248395     0.169338     0.185764    0.0254934   0.00765430
   0.00167030   0.00556312
      0.12248395     0.211673     0.113813    0.0202191   0.00560756
   0.00122367   0.00441218
      0.12248395     0.254008    0.0821269    0.0230252   0.00753385
   0.00164402   0.00502452
      0.12248395     0.296342    0.0647357    0.0218694   0.00701525
   0.00153085   0.00477229
      0.12248395     0.338677    0.0590155    0.0168554    0.0130912
   0.00285672   0.00367814
      0.12248395     0.381011    0.0552790    0.0146024   0.00818974
   0.00178715   0.00318652
      0.12248395     0.423346    0.0495931   0.00542141   0.00903958
   0.00197260   0.00118305
      0.13013920    0.0423346      2526.90  -0.00775108   0.00907399
   0.00198011   0.00169142
      0.13013920    0.0846692      1.82022  -0.00570074   0.00845758
   0.00184560   0.00124400
      0.13013920     0.127004     0.404632    0.0119351   0.00702121
   0.00153215   0.00260445
      0.13013920     0.169338     0.174444    0.0222951    0.0104224
   0.00227435   0.00486520
      0.13013920     0.211673     0.105009    0.0264454   0.00617309
   0.00134708   0.00577087
      0.13013920     0.254008    0.0783882    0.0260460   0.00813594
   0.00177541   0.00568370
      0.13013920     0.296342    0.0635310    0.0203505   0.00810821
   0.00176936   0.00444084
      0.13013920     0.338677    0.0544319    0.0213321    0.0143655
   0.00313480   0.00465504
      0.13013920     0.381011    0.0514491    0.0180373   0.00662195
   0.00144503   0.00393606
      0.13013920     0.423346    0.0470405   0.00598444   0.00955215
   0.00208445   0.00130591
      0.13779445    0.0423346      1992.95  -0.00876929    0.0106452
   0.00232297   0.00191362
      0.13779445    0.0846692      1.40053  -0.00574773   0.00905898
   0.00197683   0.00125426
      0.13779445     0.127004     0.312843    0.0128804   0.00672284
   0.00146704   0.00281072
      0.13779445     0.169338     0.138987    0.0246604    0.0131150
   0.00286192   0.00538134
      0.13779445     0.211673    0.0839980    0.0290383   0.00831579
   0.00181465   0.00633668
      0.13779445     0.254008    0.0644221    0.0245875   0.00829393
   0.00180988   0.00536542
      0.13779445     0.296342    0.0511910    0.0172914   0.00816829
   0.00178247   0.00377328
      0.13779445     0.338677    0.0443890    0.0206982    0.0124515
   0.00271714   0.00451672
      0.13779445     0.381011    0.0418176    0.0198674   0.00659686
   0.00143955   0.00433541
      0.13779445     0.423346    0.0380599    0.0115356   0.00974120
   0.00212570   0.00251728
      0.14544969    0.0423346      1902.45   -0.0117292    0.0136467
   0.00297796   0.00255952
      0.14544969    0.0846692      1.36982  -0.00853609    0.0114848
   0.00250619   0.00186273
      0.14544969     0.127004     0.295732    0.0143758   0.00757627
   0.00165328   0.00313707
      0.14544969     0.169338     0.130129    0.0284066    0.0121959
   0.00266136   0.00619882
      0.14544969     0.211673    0.0829027    0.0325953   0.00923967
   0.00201626   0.00711289
      0.14544969     0.254008    0.0606079    0.0292047   0.00935034
   0.00204041   0.00637298
      0.14544969     0.296342    0.0476680    0.0199356   0.00791082
   0.00172628   0.00435031
      0.14544969     0.338677    0.0410631    0.0212049    0.0117618
   0.00256664   0.00462729
      0.14544969     0.381011    0.0376866    0.0192451   0.00759763
   0.00165794   0.00419963
      0.14544969     0.423346    0.0364632    0.0152275    0.0100306
   0.00218886   0.00332292
      0.15310494    0.0423346      1315.88   -0.0132409    0.0153924
   0.00335889   0.00288939
      0.15310494    0.0846692      1.01039   -0.0106486    0.0140009
   0.00305524   0.00232371
      0.15310494     0.127004     0.211669    0.0124992    0.0103027
   0.00224823   0.00272755
      0.15310494     0.169338    0.0907094    0.0353449   0.00981231
   0.00214122   0.00771289
      0.15310494     0.211673    0.0558290    0.0357081    0.0105614
   0.00230469   0.00779216
      0.15310494     0.254008    0.0420333    0.0338355    0.0106768
   0.00232987   0.00738351
      0.15310494     0.296342    0.0330239    0.0208392   0.00909890
   0.00198554   0.00454748
      0.15310494     0.338677    0.0293635    0.0257996    0.0117317
   0.00256006   0.00562994
      0.15310494     0.381011    0.0246390    0.0208840   0.00948477
   0.00206975   0.00455727
      0.15310494     0.423346    0.0255408    0.0206879    0.0114428
   0.00249702   0.00451447
      0.16076019    0.0423346      1037.93   -0.0105902    0.0126892
   0.00276900   0.00231097
      0.16076019    0.0846692      1.01044   -0.0111215    0.0147039
   0.00320866   0.00242690
      0.16076019     0.127004     0.214359   0.00818128    0.0152927
   0.00333713   0.00178530
      0.16076019     0.169338    0.0910456    0.0331495   0.00922364
   0.00201276   0.00723382
      0.16076019     0.211673    0.0555152    0.0400398    0.0107103
   0.00233719   0.00873741
      0.16076019     0.254008    0.0431103    0.0317285    0.0127224
   0.00277626   0.00692373
      0.16076019     0.296342    0.0340533    0.0241244   0.00937604
   0.00204602   0.00526437
      0.16076019     0.338677    0.0296479    0.0315637    0.0122827
   0.00268031   0.00688777
      0.16076019     0.381011    0.0249588    0.0228308    0.0121385
   0.00264884   0.00498209
      0.16076019     0.423346    0.0259328    0.0270857    0.0112359
   0.00245188   0.00591058
      0.16841543    0.0423346      859.594  -0.00806713    0.0103515
   0.00225888   0.00176039
      0.16841543    0.0846692     0.920819   -0.0120882    0.0163059
   0.00355824   0.00263787
      0.16841543     0.127004     0.182286   0.00602837    0.0204797
   0.00446904   0.00131550
      0.16841543     0.169338    0.0777918    0.0278238    0.0112405
   0.00245288   0.00607164
      0.16841543     0.211673    0.0467600    0.0422732   0.00991339
   0.00216328   0.00922477
      0.16841543     0.254008    0.0377615    0.0303519    0.0151191
   0.00329925   0.00662332
      0.16841543     0.296342    0.0283867    0.0275409    0.0107656
   0.00234925   0.00600992
      0.16841543     0.338677    0.0243298    0.0339122    0.0127922
   0.00279149   0.00740025
      0.16841543     0.381011    0.0199550    0.0195420    0.0145484
   0.00317472   0.00426440
      0.16841543     0.423346    0.0206977    0.0378976    0.0124070
   0.00270744   0.00826994
      0.17607068    0.0423346      761.094  -0.00843773    0.0111541
   0.00243402   0.00184126
      0.17607068    0.0846692     0.758152   -0.0119410    0.0165944
   0.00362120   0.00260574
      0.17607068     0.127004     0.132795   0.00237667    0.0249812
   0.00545136  0.000518631
      0.17607068     0.169338    0.0569806    0.0272336    0.0138945
   0.00303203   0.00594286
      0.17607068     0.211673    0.0341595    0.0445504    0.0125971
   0.00274890   0.00972169
      0.17607068     0.254008    0.0264855    0.0372377    0.0179233
   0.00391118   0.00812594
      0.17607068     0.296342    0.0201174    0.0305980    0.0123066
   0.00268551   0.00667703
      0.17607068     0.338677    0.0169695    0.0397888    0.0129240
   0.00282025   0.00868263
      0.17607068     0.381011    0.0136828    0.0200089    0.0171544
   0.00374341   0.00436630
      0.17607068     0.423346    0.0164749    0.0588819    0.0131894
   0.00287817    0.0128491
      0.18372593    0.0423346      884.830   -0.0108353    0.0134377
   0.00293234   0.00236446
      0.18372593    0.0846692     0.775869   -0.0142182    0.0187523
   0.00409209   0.00310266
      0.18372593     0.127004     0.143763   0.00195445    0.0284818
   0.00621524  0.000426495
      0.18372593     0.169338    0.0594662    0.0310253    0.0145075
   0.00316581   0.00677027
      0.18372593     0.211673    0.0382571    0.0478217    0.0156462
   0.00341429    0.0104355
      0.18372593     0.254008    0.0257809    0.0330399    0.0194221
   0.00423825   0.00720990
      0.18372593     0.296342    0.0220529    0.0309924    0.0170565
   0.00372204   0.00676310
      0.18372593     0.338677    0.0188123    0.0393262    0.0129265
   0.00282080   0.00858168
      0.18372593     0.381011    0.0170148    0.0287982    0.0203818
   0.00444768   0.00628427
      0.18372593     0.423346    0.0186401    0.0715459    0.0162928
   0.00355538    0.0156126
      0.19138118    0.0423346      1063.37   -0.0159629    0.0188336
   0.00410982   0.00348339
      0.19138118    0.0846692     0.849473   -0.0162923    0.0212490
   0.00463691   0.00355527
      0.19138118     0.127004     0.174429    0.0144818    0.0309752
   0.00675935   0.00316019
      0.19138118     0.169338    0.0722614    0.0315378    0.0167543
   0.00365609   0.00688212
      0.19138118     0.211673    0.0485496    0.0523391    0.0189993
   0.00414600    0.0114213
      0.19138118     0.254008    0.0309513    0.0300131    0.0190951
   0.00416689   0.00654939
      0.19138118     0.296342    0.0275425    0.0323346    0.0233655
   0.00509876   0.00705599
      0.19138118     0.338677    0.0235907    0.0301985    0.0138767
   0.00302815   0.00658985
      0.19138118     0.381011    0.0235034    0.0358207    0.0262000
   0.00571731   0.00781671
      0.19138118     0.423346    0.0197019    0.0676348    0.0208588
   0.00455177    0.0147591
      0.19903642    0.0423346      1121.49   -0.0211640    0.0249105
   0.00543591   0.00461835
      0.19903642    0.0846692     0.795211   -0.0158182    0.0224974
   0.00490933   0.00345182
      0.19903642     0.127004     0.166031    0.0251475    0.0302998
   0.00661196   0.00548764
      0.19903642     0.169338    0.0704999    0.0372735    0.0213427
   0.00465736   0.00813375
      0.19903642     0.211673    0.0458371    0.0510115    0.0205727
   0.00448934    0.0111316
      0.19903642     0.254008    0.0304398    0.0347486    0.0187435
   0.00409016   0.00758276
      0.19903642     0.296342    0.0275905    0.0327292    0.0296065
   0.00646067   0.00714211
      0.19903642     0.338677    0.0222515    0.0270832    0.0164461
   0.00358883   0.00591004
      0.19903642     0.381011    0.0235579    0.0496227    0.0287833
   0.00628103    0.0108286
      0.19903642     0.423346    0.0193927    0.0700443    0.0247977
   0.00541130    0.0152849
