k per (hMpc^-1)  k par (hMpc^-1) P_FG (K^2h^-3Mpc^3)  P_21 (K^2h^-3Mpc^3)  
P_noise (K^2h^-3Mpc^3)  Delta P_thermal (K^2h^-3Mpc^3)  
Sample variance (K^2h^-3Mpc^3) 
    0.0076552470    0.0423346      174601.   0.00618231   0.00138488
  0.000302205   0.00134909
    0.0076552470    0.0846692      481.339     0.138287  0.000537799
  0.000117357    0.0301766
    0.0076552470     0.127004      110.131     0.206739  0.000427397
  9.32658e-05    0.0451141
    0.0076552470     0.169338      46.7667     0.351679  0.000192285
  4.19600e-05    0.0767426
    0.0076552470     0.211673      28.4181     0.166235  0.000201427
  4.39550e-05    0.0362755
    0.0076552470     0.254008      20.5963    0.0479786  0.000293947
  6.41446e-05    0.0104698
    0.0076552470     0.296342      16.6522   0.00512894  0.000459605
  0.000100294   0.00111923
    0.0076552470     0.338677      14.5143   0.00680638  0.000341992
  7.46287e-05   0.00148527
    0.0076552470     0.381011      13.3028    0.0318427  0.000123837
  2.70235e-05   0.00694864
    0.0076552470     0.423346      12.6619    0.0641433  0.000334102
  7.29070e-05    0.0139972
     0.015310494    0.0423346      379247.    0.0116109   0.00118730
  0.000259091   0.00253371
     0.015310494    0.0846692      1046.97     0.299054  0.000548473
  0.000119687    0.0652589
     0.015310494     0.127004      239.529     0.431232  0.000397787
  8.68042e-05    0.0941025
     0.015310494     0.169338      101.675     0.783779  0.000216540
  4.72529e-05     0.171035
     0.015310494     0.211673      61.8188     0.353879  0.000194513
  4.24461e-05    0.0772226
     0.015310494     0.254008      44.7911     0.104067  0.000226051
  4.93283e-05    0.0227093
     0.015310494     0.296342      36.2085    0.0105264  0.000484033
  0.000105625   0.00229704
     0.015310494     0.338677      31.5632    0.0142088  0.000442069
  9.64673e-05   0.00310061
     0.015310494     0.381011      28.9376    0.0697741  0.000271337
  5.92106e-05    0.0152260
     0.015310494     0.423346      27.5320     0.138036  0.000349075
  7.61744e-05    0.0301219
     0.022965741    0.0423346      374715.   0.00538182  0.000952650
  0.000207885   0.00117441
     0.022965741    0.0846692      745.571     0.210084  0.000510758
  0.000111456    0.0458440
     0.022965741     0.127004      170.425     0.297779  0.000390918
  8.53053e-05    0.0649807
     0.022965741     0.169338      72.3536     0.554105  0.000263406
  5.74799e-05     0.120916
     0.022965741     0.211673      43.9972     0.246561  0.000170013
  3.71000e-05    0.0538040
     0.022965741     0.254008      31.8639    0.0752418  0.000143943
  3.14109e-05    0.0164191
     0.022965741     0.296342      25.7574   0.00808302  0.000438641
  9.57193e-05   0.00176386
     0.022965741     0.338677      22.4517   0.00934242  0.000575240
  0.000125528   0.00203868
     0.022965741     0.381011      20.5892    0.0503397  0.000352530
  7.69284e-05    0.0109850
     0.022965741     0.423346      19.5846    0.0971464  0.000340118
  7.42199e-05    0.0211991
     0.030620988    0.0423346      192713.  0.000731559  0.000687282
  0.000149977  0.000159639
     0.030620988    0.0846692      195.281    0.0540819  0.000390974
  8.53176e-05    0.0118016
     0.030620988     0.127004      44.5592    0.0771264  0.000346793
  7.56764e-05    0.0168304
     0.030620988     0.169338      18.9350     0.138188  0.000288056
  6.28590e-05    0.0301550
     0.030620988     0.211673      11.5083    0.0646680  0.000245931
  5.36665e-05    0.0141117
     0.030620988     0.254008      8.33025    0.0213068  0.000119683
  2.61170e-05   0.00464953
     0.030620988     0.296342      6.73807   0.00311783  0.000335044
  7.31126e-05  0.000680366
     0.030620988     0.338677      5.87028   0.00271047  0.000594590
  0.000129750  0.000591473
     0.030620988     0.381011      5.38852    0.0148339  0.000358275
  7.81821e-05   0.00323703
     0.030620988     0.423346      5.11970    0.0240872  0.000420636
  9.17903e-05   0.00525626
     0.038276235    0.0423346      100824.  0.000140259  0.000491965
  0.000107356  3.06070e-05
     0.038276235    0.0846692      47.9734    0.0134301  0.000305421
  6.66483e-05   0.00293069
     0.038276235     0.127004      10.9355    0.0194556  0.000288294
  6.29109e-05   0.00424555
     0.038276235     0.169338      4.64803    0.0351938  0.000382129
  8.33874e-05   0.00767992
     0.038276235     0.211673      2.83002    0.0163018  0.000276093
  6.02485e-05   0.00355735
     0.038276235     0.254008      2.04847   0.00611713  0.000124584
  2.71865e-05   0.00133487
     0.038276235     0.296342      1.66341   0.00139024  0.000243620
  5.31622e-05  0.000303375
     0.038276235     0.338677      1.44374   0.00155852  0.000573637
  0.000125178  0.000340097
     0.038276235     0.381011      1.32502   0.00424464  0.000454143
  9.91021e-05  0.000926257
     0.038276235     0.423346      1.25673   0.00631487  0.000534130
  0.000116557   0.00137802
     0.045931482    0.0423346      64937.5 -6.19006e-05  0.000454973
  9.92833e-05  1.35078e-05
     0.045931482    0.0846692      34.6926   0.00946041  0.000394171
  8.60153e-05   0.00206443
     0.045931482     0.127004      7.88890    0.0140541  0.000279937
  6.10873e-05   0.00306685
     0.045931482     0.169338      3.35070    0.0280945  0.000405707
  8.85324e-05   0.00613073
     0.045931482     0.211673      2.04371    0.0121731  0.000307603
  6.71245e-05   0.00265638
     0.045931482     0.254008      1.47891   0.00483354  0.000232967
  5.08375e-05   0.00105476
     0.045931482     0.296342      1.19975   0.00125539  0.000257483
  5.61873e-05  0.000273948
     0.045931482     0.338677      1.04382   0.00184955  0.000644072
  0.000140548  0.000403604
     0.045931482     0.381011     0.953076   0.00238764  0.000617104
  0.000134663  0.000521026
     0.045931482     0.423346     0.906227   0.00590071  0.000574808
  0.000125433   0.00128764
     0.053586729    0.0423346      40418.9 -0.000283862  0.000652650
  0.000142420  6.19437e-05
     0.053586729    0.0846692      17.9923   0.00501308  0.000564538
  0.000123192   0.00109394
     0.053586729     0.127004      4.12385   0.00914304  0.000480377
  0.000104827   0.00199518
     0.053586729     0.169338      1.74859    0.0180757  0.000387096
  8.44713e-05   0.00394445
     0.053586729     0.211673      1.06972   0.00770278  0.000452222
  9.86829e-05   0.00168088
     0.053586729     0.254008     0.774277   0.00325595  0.000379659
  8.28485e-05  0.000710505
     0.053586729     0.296342     0.627709   0.00134380  0.000349198
  7.62013e-05  0.000293240
     0.053586729     0.338677     0.547667   0.00155175  0.000824164
  0.000179847  0.000338619
     0.053586729     0.381011     0.498628   0.00143925  0.000659405
  0.000143894  0.000314070
     0.053586729     0.423346     0.473938   0.00355216  0.000474200
  0.000103479  0.000775145
     0.061241976    0.0423346      25013.2 -0.000477943  0.000733399
  0.000160041  0.000104296
     0.061241976    0.0846692      10.7788   0.00297962  0.000614820
  0.000134165  0.000650207
     0.061241976     0.127004      2.49214   0.00686823  0.000731537
  0.000159634   0.00149877
     0.061241976     0.169338      1.05495    0.0137675  0.000445515
  9.72193e-05   0.00300430
     0.061241976     0.211673     0.645547   0.00561082  0.000622704
  0.000135885   0.00122438
     0.061241976     0.254008     0.469056   0.00178236  0.000528299
  0.000115284  0.000388942
     0.061241976     0.296342     0.378546   0.00148961  0.000397143
  8.66637e-05  0.000325059
     0.061241976     0.338677     0.331080   0.00120457   0.00103178
  0.000225153  0.000262859
     0.061241976     0.381011     0.302103   0.00135137  0.000578727
  0.000126289  0.000294893
     0.061241976     0.423346     0.286375   0.00235962  0.000374887
  8.18071e-05  0.000514912
     0.068897223    0.0423346      13085.1 -0.000399963  0.000672575
  0.000146768  8.72791e-05
     0.068897223    0.0846692      7.95397   0.00170579  0.000614209
  0.000134031  0.000372233
     0.068897223     0.127004      1.79743   0.00643301  0.000809767
  0.000176706   0.00140380
     0.068897223     0.169338     0.764314   0.00940111  0.000536319
  0.000117034   0.00205149
     0.068897223     0.211673     0.464062   0.00456449  0.000564169
  0.000123112  0.000996053
     0.068897223     0.254008     0.337002   0.00238727  0.000419419
  9.15247e-05  0.000520944
     0.068897223     0.296342     0.271694   0.00164055  0.000440009
  9.60178e-05  0.000357997
     0.068897223     0.338677     0.236961   0.00153939  0.000876134
  0.000191188  0.000335923
     0.068897223     0.381011     0.217522   0.00210598  0.000558638
  0.000121905  0.000459563
     0.068897223     0.423346     0.204547   0.00211020  0.000349510
  7.62693e-05  0.000460484
     0.076552470    0.0423346      8612.92 -0.000280351  0.000562784
  0.000122810  6.11776e-05
     0.076552470    0.0846692      6.44306   0.00127333  0.000580674
  0.000126714  0.000277864
     0.076552470     0.127004      1.44235   0.00484847  0.000758161
  0.000165444   0.00105802
     0.076552470     0.169338     0.616251   0.00612859  0.000589820
  0.000128709   0.00133737
     0.076552470     0.211673     0.372997   0.00416868  0.000409440
  8.93472e-05  0.000909681
     0.076552470     0.254008     0.271857   0.00305005  0.000311164
  6.79015e-05  0.000665575
     0.076552470     0.296342     0.219830   0.00161516  0.000501977
  0.000109540  0.000352457
     0.076552470     0.338677     0.190810   0.00212565  0.000682663
  0.000148969  0.000463855
     0.076552470     0.381011     0.176053   0.00275965  0.000618936
  0.000135063  0.000602205
     0.076552470     0.423346     0.163423   0.00176907  0.000408145
  8.90646e-05  0.000386042
     0.084207717    0.0423346      4685.37 -0.000346715  0.000523478
  0.000114232  7.56594e-05
     0.084207717    0.0846692      4.22389  0.000651894  0.000602235
  0.000131418  0.000142255
     0.084207717     0.127004     0.936264   0.00394287  0.000646698
  0.000141121  0.000860405
     0.084207717     0.169338     0.400705   0.00356658  0.000576647
  0.000125835  0.000778292
     0.084207717     0.211673     0.241611   0.00341902  0.000389031
  8.48936e-05  0.000746090
     0.084207717     0.254008     0.176179   0.00299466  0.000285392
  6.22777e-05  0.000653488
     0.084207717     0.296342     0.142572   0.00178194  0.000569961
  0.000124376  0.000388852
     0.084207717     0.338677     0.122228   0.00206110  0.000506285
  0.000110480  0.000449768
     0.084207717     0.381011     0.113753   0.00256272  0.000670976
  0.000146419  0.000559230
     0.084207717     0.423346     0.105409   0.00240790  0.000506041
  0.000110427  0.000525447
     0.091862964    0.0423346      4802.29 -0.000570848  0.000686608
  0.000149830  0.000124569
     0.091862964    0.0846692      5.07366   0.00101415  0.000555402
  0.000121199  0.000221306
     0.091862964     0.127004      1.13567   0.00466055  0.000633480
  0.000138237   0.00101702
     0.091862964     0.169338     0.484577   0.00474566  0.000516474
  0.000112704   0.00103559
     0.091862964     0.211673     0.291748   0.00420138  0.000411211
  8.97336e-05  0.000916817
     0.091862964     0.254008     0.212382   0.00220722  0.000318963
  6.96034e-05  0.000481655
     0.091862964     0.296342     0.171392   0.00152306  0.000700557
  0.000152874  0.000332359
     0.091862964     0.338677     0.147943   0.00240829  0.000561136
  0.000122450  0.000525532
     0.091862964     0.381011     0.136372   0.00238165  0.000709561
  0.000154839  0.000519718
     0.091862964     0.423346     0.128674   0.00310299  0.000506998
  0.000110636  0.000677128
     0.099518211    0.0423346      3818.72 -0.000597752  0.000790064
  0.000172406  0.000130440
     0.099518211    0.0846692      3.48889  0.000743771  0.000534862
  0.000116716  0.000162304
     0.099518211     0.127004     0.783114   0.00302189  0.000824140
  0.000179842  0.000659431
     0.099518211     0.169338     0.332677   0.00520539  0.000523396
  0.000114214   0.00113591
     0.099518211     0.211673     0.201033   0.00374793  0.000401412
  8.75954e-05  0.000817865
     0.099518211     0.254008     0.146580   0.00221900  0.000406547
  8.87159e-05  0.000484225
     0.099518211     0.296342     0.118076   0.00141211  0.000867866
  0.000189384  0.000308147
     0.099518211     0.338677     0.103619   0.00259726  0.000660248
  0.000144078  0.000566768
     0.099518211     0.381011    0.0942717   0.00236005  0.000628663
  0.000137185  0.000515004
     0.099518211     0.423346    0.0900998   0.00282838  0.000515717
  0.000112539  0.000617202
      0.10717346    0.0423346      3229.57 -0.000519401  0.000804252
  0.000175502  0.000113343
      0.10717346    0.0846692      2.83625  0.000544856  0.000602179
  0.000131406  0.000118897
      0.10717346     0.127004     0.634528   0.00212900   0.00100010
  0.000218239  0.000464586
      0.10717346     0.169338     0.268404   0.00536256  0.000612427
  0.000133643   0.00117021
      0.10717346     0.211673     0.162986   0.00407353  0.000370596
  8.08706e-05  0.000888917
      0.10717346     0.254008     0.118355   0.00291837  0.000515383
  0.000112466  0.000636840
      0.10717346     0.296342    0.0966781   0.00158974  0.000963809
  0.000210320  0.000346909
      0.10717346     0.338677    0.0847485   0.00233593  0.000695808
  0.000151838  0.000509741
      0.10717346     0.381011    0.0768560   0.00298366  0.000691472
  0.000150892  0.000651088
      0.10717346     0.423346    0.0742488   0.00259395  0.000551804
  0.000120414  0.000566045
      0.11482871    0.0423346      2902.78 -0.000543690  0.000802130
  0.000175039  0.000118643
      0.11482871    0.0846692      2.28135  0.000166386  0.000747999
  0.000163227  3.63084e-05
      0.11482871     0.127004     0.504173   0.00275087  0.000984458
  0.000214826  0.000600288
      0.11482871     0.169338     0.213440   0.00439660  0.000704264
  0.000153683  0.000959416
      0.11482871     0.211673     0.129000   0.00362990  0.000482059
  0.000105194  0.000792109
      0.11482871     0.254008    0.0927429   0.00347890  0.000635671
  0.000138715  0.000759159
      0.11482871     0.296342    0.0767508   0.00242962  0.000940487
  0.000205231  0.000530186
      0.11482871     0.338677    0.0657732   0.00228615  0.000695709
  0.000151816  0.000498879
      0.11482871     0.381011    0.0598221   0.00270518  0.000838565
  0.000182990  0.000590319
      0.11482871     0.423346    0.0577267   0.00286429  0.000625976
  0.000136599  0.000625038
      0.12248395    0.0423346      2721.35  -0.00114599   0.00137274
  0.000299557  0.000250076
      0.12248395    0.0846692      2.08029 -2.51557e-05  0.000843676
  0.000184105  5.48942e-06
      0.12248395     0.127004     0.454527   0.00258861   0.00108131
  0.000235961  0.000564881
      0.12248395     0.169338     0.192266   0.00433783  0.000817496
  0.000178392  0.000946593
      0.12248395     0.211673     0.116169   0.00248033  0.000662823
  0.000144640  0.000541252
      0.12248395     0.254008    0.0827748   0.00341830  0.000619438
  0.000135172  0.000745933
      0.12248395     0.296342    0.0679758   0.00267667  0.000773912
  0.000168881  0.000584098
      0.12248395     0.338677    0.0585618   0.00299542  0.000568885
  0.000124141  0.000653653
      0.12248395     0.381011    0.0538050   0.00226857  0.000871282
  0.000190129  0.000495043
      0.12248395     0.423346    0.0509368   0.00293469  0.000728615
  0.000158997  0.000640402
      0.13013920    0.0423346      2527.77  -0.00149814   0.00168022
  0.000366655  0.000326920
      0.13013920    0.0846692      1.85269 -0.000307673   0.00102510
  0.000223694  6.71398e-05
      0.13013920     0.127004     0.405345   0.00290382   0.00102532
  0.000223743  0.000633666
      0.13013920     0.169338     0.171680   0.00428554  0.000926051
  0.000202081  0.000935181
      0.13013920     0.211673     0.103319   0.00280069  0.000697197
  0.000152141  0.000611161
      0.13013920     0.254008    0.0740521   0.00268121  0.000695956
  0.000151870  0.000585088
      0.13013920     0.296342    0.0594946   0.00274704  0.000771339
  0.000168320  0.000599454
      0.13013920     0.338677    0.0519338   0.00322589  0.000605993
  0.000132239  0.000703946
      0.13013920     0.381011    0.0483394   0.00252377  0.000660567
  0.000144148  0.000550733
      0.13013920     0.423346    0.0455642   0.00294670  0.000829434
  0.000180997  0.000643023
      0.13779445    0.0423346      1994.65  -0.00195804   0.00212687
  0.000464122  0.000427279
      0.13779445    0.0846692      1.40989 -0.000459845   0.00113784
  0.000248298  0.000100346
      0.13779445     0.127004     0.310224   0.00249791  0.000922178
  0.000201236  0.000545089
      0.13779445     0.169338     0.131912   0.00439590   0.00101542
  0.000221583  0.000959265
      0.13779445     0.211673    0.0795507   0.00368177  0.000643095
  0.000140335  0.000803428
      0.13779445     0.254008    0.0573436   0.00219503  0.000747640
  0.000163149  0.000478996
      0.13779445     0.296342    0.0458224   0.00329370  0.000844860
  0.000184364  0.000718745
      0.13779445     0.338677    0.0403473   0.00217795  0.000895497
  0.000195413  0.000475267
      0.13779445     0.381011    0.0376413   0.00281189  0.000673325
  0.000146932  0.000613605
      0.13779445     0.423346    0.0356457   0.00267614  0.000845816
  0.000184572  0.000583983
      0.14544969    0.0423346      1903.76  -0.00211604   0.00229956
  0.000501805  0.000461758
      0.14544969    0.0846692      1.34526 -0.000382579   0.00119897
  0.000261637  8.34857e-05
      0.14544969     0.127004     0.299833   0.00241745   0.00104649
  0.000228363  0.000527530
      0.14544969     0.169338     0.126548   0.00429684   0.00110544
  0.000241227  0.000937648
      0.14544969     0.211673    0.0768248   0.00363546  0.000688799
  0.000150308  0.000793321
      0.14544969     0.254008    0.0555708   0.00242083  0.000823244
  0.000179647  0.000528270
      0.14544969     0.296342    0.0440978   0.00357102   0.00104872
  0.000228849  0.000779261
      0.14544969     0.338677    0.0389418   0.00268951   0.00130174
  0.000284063  0.000586900
      0.14544969     0.381011    0.0365037   0.00312397  0.000848416
  0.000185140  0.000681707
      0.14544969     0.423346    0.0345445   0.00288711  0.000960683
  0.000209638  0.000630020
      0.15310494    0.0423346      1316.00  -0.00245363   0.00268127
  0.000585102  0.000535425
      0.15310494    0.0846692     0.988971 -0.000253117   0.00122700
  0.000267752  5.52347e-05
      0.15310494     0.127004     0.209752   0.00187885   0.00147401
  0.000321654  0.000409999
      0.15310494     0.169338    0.0901459   0.00299288   0.00136653
  0.000298200  0.000653100
      0.15310494     0.211673    0.0555382   0.00308257  0.000983508
  0.000214619  0.000672671
      0.15310494     0.254008    0.0391536   0.00380728  0.000842302
  0.000183805  0.000830817
      0.15310494     0.296342    0.0317224   0.00353691   0.00135658
  0.000296030  0.000771817
      0.15310494     0.338677    0.0281087   0.00294450   0.00146055
  0.000318719  0.000642542
      0.15310494     0.381011    0.0262346   0.00320444   0.00120756
  0.000263511  0.000699266
      0.15310494     0.423346    0.0242836   0.00290679   0.00111284
  0.000242841  0.000634314
      0.16076019    0.0423346      1038.17  -0.00183247   0.00215003
  0.000469174  0.000399879
      0.16076019    0.0846692     0.986828 -7.80025e-05   0.00140190
  0.000305919  1.70215e-05
      0.16076019     0.127004     0.204629   0.00278683   0.00165422
  0.000360979  0.000608135
      0.16076019     0.169338    0.0895971   0.00382914   0.00143598
  0.000313356  0.000835586
      0.16076019     0.211673    0.0552820   0.00368474   0.00111391
  0.000243076  0.000804076
      0.16076019     0.254008    0.0385305   0.00427691   0.00103809
  0.000226530  0.000933297
      0.16076019     0.296342    0.0316682   0.00281769   0.00170645
  0.000372377  0.000614869
      0.16076019     0.338677    0.0279583   0.00301131   0.00131892
  0.000287811  0.000657123
      0.16076019     0.381011    0.0253797   0.00328512   0.00149932
  0.000327179  0.000716872
      0.16076019     0.423346    0.0233178   0.00364967   0.00137058
  0.000299085  0.000796423
      0.16841543    0.0423346      862.004 -0.000984054   0.00146160
  0.000318947  0.000214738
      0.16841543    0.0846692     0.862166  0.000141753   0.00168942
  0.000368662  3.09330e-05
      0.16841543     0.127004     0.176169   0.00384547   0.00152846
  0.000333538  0.000839150
      0.16841543     0.169338    0.0760626   0.00566016   0.00147820
  0.000322569   0.00123515
      0.16841543     0.211673    0.0473311   0.00471674   0.00129024
  0.000281554   0.00102928
      0.16841543     0.254008    0.0336858   0.00377528   0.00116505
  0.000254235  0.000823834
      0.16841543     0.296342    0.0275091   0.00298225   0.00189726
  0.000414015  0.000650780
      0.16841543     0.338677    0.0238826   0.00318072   0.00127566
  0.000278371  0.000694090
      0.16841543     0.381011    0.0213262   0.00385741   0.00122689
  0.000267729  0.000841755
      0.16841543     0.423346    0.0194341   0.00386496   0.00148692
  0.000324472  0.000843404
      0.17607068    0.0423346      764.749 -0.000810079   0.00139074
  0.000303485  0.000176774
      0.17607068    0.0846692     0.678735 -4.70937e-05   0.00207614
  0.000453050  1.02767e-05
      0.17607068     0.127004     0.138063   0.00390826   0.00138471
  0.000302169  0.000852852
      0.17607068     0.169338    0.0576755   0.00735994   0.00158281
  0.000345399   0.00160607
      0.17607068     0.211673    0.0359881   0.00500768   0.00157351
  0.000343368   0.00109277
      0.17607068     0.254008    0.0264997   0.00367860   0.00111386
  0.000243063  0.000802737
      0.17607068     0.296342    0.0219805   0.00355182   0.00168168
  0.000366973  0.000775071
      0.17607068     0.338677    0.0186120   0.00376782   0.00152675
  0.000333164  0.000822206
      0.17607068     0.381011    0.0165674   0.00449460   0.00116394
  0.000253993  0.000980801
      0.17607068     0.423346    0.0153398   0.00448323   0.00147971
  0.000322899  0.000978320
      0.18372593    0.0423346      886.633 -0.000927325   0.00157110
  0.000342842  0.000202359
      0.18372593    0.0846692     0.728123 -0.000471754   0.00259126
  0.000565459  0.000102945
      0.18372593     0.127004     0.155309   0.00476345   0.00135836
  0.000296418   0.00103947
      0.18372593     0.169338    0.0637790   0.00787103   0.00166477
  0.000363282   0.00171760
      0.18372593     0.211673    0.0395130   0.00500317   0.00211611
  0.000461772   0.00109178
      0.18372593     0.254008    0.0294383   0.00413833  0.000992479
  0.000216577  0.000903057
      0.18372593     0.296342    0.0246810   0.00375115   0.00150630
  0.000328702  0.000818569
      0.18372593     0.338677    0.0206203   0.00483972   0.00172906
  0.000377312   0.00105611
      0.18372593     0.381011    0.0192705   0.00545540   0.00151682
  0.000330997   0.00119047
      0.18372593     0.423346    0.0176098   0.00520314   0.00159363
  0.000347759   0.00113542
      0.19138118    0.0423346      1063.43  -0.00151225   0.00219602
  0.000479210  0.000330001
      0.19138118    0.0846692     0.842618 -0.000612226   0.00301167
  0.000657199  0.000133599
      0.19138118     0.127004     0.175811   0.00563800   0.00152710
  0.000333240   0.00123031
      0.19138118     0.169338    0.0731900   0.00676702   0.00177362
  0.000387035   0.00147668
      0.19138118     0.211673    0.0450031   0.00464584   0.00288993
  0.000630634   0.00101381
      0.19138118     0.254008    0.0327938   0.00452791   0.00161652
  0.000352754  0.000988070
      0.19138118     0.296342    0.0274320   0.00397331   0.00174107
  0.000379933  0.000867048
      0.19138118     0.338677    0.0231746   0.00500604   0.00210107
  0.000458491   0.00109241
      0.19138118     0.381011    0.0218423   0.00686029   0.00210401
  0.000459133   0.00149704
      0.19138118     0.423346    0.0204152   0.00627005   0.00166552
  0.000363447   0.00136824
      0.19903642    0.0423346      1120.13  -0.00196912   0.00278284
  0.000607264  0.000429698
      0.19903642    0.0846692     0.770844 -0.000278799   0.00299326
  0.000653183  6.08389e-05
      0.19903642     0.127004     0.165091   0.00548229   0.00198360
  0.000432857   0.00119633
      0.19903642     0.169338    0.0708502   0.00599840   0.00207309
  0.000452386   0.00130896
      0.19903642     0.211673    0.0426479   0.00658770   0.00325370
  0.000710016   0.00143755
      0.19903642     0.254008    0.0308994   0.00545942   0.00276915
  0.000604277   0.00119134
      0.19903642     0.296342    0.0261964   0.00452138   0.00211022
  0.000460488  0.000986645
      0.19903642     0.338677    0.0224401   0.00512259   0.00256887
  0.000560573   0.00111784
      0.19903642     0.381011    0.0211280   0.00884898   0.00224212
  0.000489270   0.00193101
      0.19903642     0.423346    0.0201166   0.00664337   0.00203977
  0.000445114   0.00144970
