k per (hMpc^-1)  k par (hMpc^-1) P_FG (K^2h^-3Mpc^3)  P_21 (K^2h^-3Mpc^3)  
Sample variance (K^2h^-3Mpc^3) 
    0.0076552470    0.0423346      174599.   0.00740461   0.00161582
    0.0076552470    0.0846692      482.093     0.137075    0.0299123
    0.0076552470     0.127004      110.143     0.211480    0.0461487
    0.0076552470     0.169338      46.7499     0.360143    0.0785898
    0.0076552470     0.211673      28.4088     0.167593    0.0365717
    0.0076552470     0.254008      20.5922    0.0459349    0.0100238
    0.0076552470     0.296342      16.6466   0.00422843  0.000922718
    0.0076552470     0.338677      14.5120   0.00928164   0.00202542
    0.0076552470     0.381011      13.2968    0.0338970   0.00739693
    0.0076552470     0.423346      12.6355    0.0601625    0.0131285
     0.015310494    0.0423346      379241.    0.0126730   0.00276546
     0.015310494    0.0846692      1048.35     0.295500    0.0644835
     0.015310494     0.127004      239.463     0.450803    0.0983732
     0.015310494     0.169338      101.629     0.787724     0.171895
     0.015310494     0.211673      61.7641     0.361341    0.0788510
     0.015310494     0.254008      44.7655    0.0984039    0.0214735
     0.015310494     0.296342      36.1818   0.00829118   0.00180928
     0.015310494     0.338677      31.5336    0.0181659   0.00396413
     0.015310494     0.381011      28.9001    0.0739076    0.0161280
     0.015310494     0.423346      27.4610     0.131044    0.0285962
     0.022965741    0.0423346      374708.   0.00610297   0.00133178
     0.022965741    0.0846692      746.730     0.207039    0.0451796
     0.022965741     0.127004      170.366     0.309322    0.0674995
     0.022965741     0.169338      72.3003     0.561682     0.122569
     0.022965741     0.211673      43.9330     0.259415    0.0566090
     0.022965741     0.254008      31.8422    0.0695760    0.0151827
     0.022965741     0.296342      25.7330   0.00579691   0.00126499
     0.022965741     0.338677      22.4288    0.0128313   0.00280003
     0.022965741     0.381011      20.5573    0.0538039    0.0117410
     0.022965741     0.423346      19.5278    0.0926610    0.0202203
     0.030620988    0.0423346      192711.   0.00105675  0.000230602
     0.030620988    0.0846692      195.530    0.0530312    0.0115723
     0.030620988     0.127004      44.5034    0.0762546    0.0166401
     0.030620988     0.169338      18.8859     0.146652    0.0320021
     0.030620988     0.211673      11.4714    0.0703154    0.0153441
     0.030620988     0.254008      8.31501    0.0193069   0.00421312
     0.030620988     0.296342      6.72244   0.00187692  0.000409577
     0.030620988     0.338677      5.86046   0.00370535  0.000808574
     0.030620988     0.381011      5.37245    0.0150946   0.00329392
     0.030620988     0.423346      5.10028    0.0238925   0.00521378
     0.038276235    0.0423346      100826.  0.000520875  0.000113664
     0.038276235    0.0846692      47.9335    0.0133356   0.00291006
     0.038276235     0.127004      10.9174    0.0208574   0.00455146
     0.038276235     0.169338      4.63683    0.0354967   0.00774603
     0.038276235     0.211673      2.81849    0.0167397   0.00365290
     0.038276235     0.254008      2.03751   0.00732967   0.00159947
     0.038276235     0.296342      1.65263  0.000675528  0.000147412
     0.038276235     0.338677      1.43827   0.00102448  0.000223559
     0.038276235     0.381011      1.31845   0.00410979  0.000896829
     0.038276235     0.423346      1.25159   0.00609678   0.00133043
     0.045931482    0.0423346      64945.0  0.000227462  4.96363e-05
     0.045931482    0.0846692      34.6639   0.00978829   0.00213598
     0.045931482     0.127004      7.90202    0.0159205   0.00347414
     0.045931482     0.169338      3.35973    0.0262657   0.00573165
     0.045931482     0.211673      2.04657    0.0110399   0.00240910
     0.045931482     0.254008      1.47848   0.00621481   0.00135618
     0.045931482     0.296342      1.19557  0.000921794  0.000201152
     0.045931482     0.338677      1.04368   0.00119439  0.000260637
     0.045931482     0.381011     0.952290   0.00228263  0.000498111
     0.045931482     0.423346     0.906689   0.00488122   0.00106517
     0.053586729    0.0423346      40428.2  0.000139751  3.04961e-05
     0.053586729    0.0846692      17.9862   0.00549839   0.00119985
     0.053586729     0.127004      4.13206   0.00935786   0.00204205
     0.053586729     0.169338      1.75314    0.0171690   0.00374658
     0.053586729     0.211673      1.07216   0.00659218   0.00143853
     0.053586729     0.254008     0.776458   0.00356903  0.000778826
     0.053586729     0.296342     0.625573   0.00109443  0.000238824
     0.053586729     0.338677     0.547751   0.00112619  0.000245755
     0.053586729     0.381011     0.498278   0.00114448  0.000249746
     0.053586729     0.423346     0.475669   0.00302314  0.000659704
     0.061241976    0.0423346      25019.7  0.000103613  2.26103e-05
     0.061241976    0.0846692      10.8154   0.00348760  0.000761056
     0.061241976     0.127004      2.49653   0.00744685   0.00162504
     0.061241976     0.169338      1.05723    0.0118151   0.00257826
     0.061241976     0.211673     0.646880   0.00486993   0.00106271
     0.061241976     0.254008     0.470004   0.00170870  0.000372869
     0.061241976     0.296342     0.377806  0.000864859  0.000188728
     0.061241976     0.338677     0.330433  0.000765576  0.000167062
     0.061241976     0.381011     0.301049  0.000875081  0.000190958
     0.061241976     0.423346     0.286875   0.00176575  0.000385318
     0.068897223    0.0423346      13087.5  0.000155675  3.39710e-05
     0.068897223    0.0846692      7.95930   0.00230126  0.000502177
     0.068897223     0.127004      1.80466   0.00735890   0.00160584
     0.068897223     0.169338     0.767350   0.00672751   0.00146806
     0.068897223     0.211673     0.465441   0.00403415  0.000880323
     0.068897223     0.254008     0.336990   0.00146969  0.000320714
     0.068897223     0.296342     0.271696  0.000695210  0.000151707
     0.068897223     0.338677     0.237267  0.000717465  0.000156564
     0.068897223     0.381011     0.216968  0.000900208  0.000196441
     0.068897223     0.423346     0.205797   0.00123091  0.000268606
     0.076552470    0.0423346      8613.82  0.000152109  3.31929e-05
     0.076552470    0.0846692      6.43694   0.00171760  0.000374811
     0.076552470     0.127004      1.44029   0.00515392   0.00112468
     0.076552470     0.169338     0.611820   0.00528444   0.00115316
     0.076552470     0.211673     0.370825   0.00291948  0.000637083
     0.076552470     0.254008     0.267603   0.00160011  0.000349174
     0.076552470     0.296342     0.216199  0.000580028  0.000126573
     0.076552470     0.338677     0.188186  0.000665305  0.000145181
     0.076552470     0.381011     0.172837  0.000884502  0.000193014
     0.076552470     0.423346     0.163766   0.00106539  0.000232488
     0.084207717    0.0423346      4685.61  9.55507e-05  2.08509e-05
     0.084207717    0.0846692      4.21723   0.00114300  0.000249423
     0.084207717     0.127004     0.935345   0.00323138  0.000705146
     0.084207717     0.169338     0.396924   0.00362017  0.000789986
     0.084207717     0.211673     0.240997   0.00198400  0.000432944
     0.084207717     0.254008     0.173946   0.00138854  0.000303004
     0.084207717     0.296342     0.140228  0.000558624  0.000121902
     0.084207717     0.338677     0.121363  0.000606356  0.000132318
     0.084207717     0.381011     0.111771  0.000709899  0.000154913
     0.084207717     0.423346     0.106057  0.000860956  0.000187876
     0.091862964    0.0423346      4801.68  9.31239e-05  2.03213e-05
     0.091862964    0.0846692      5.08197   0.00141844  0.000309528
     0.091862964     0.127004      1.13591   0.00356639  0.000778251
     0.091862964     0.169338     0.482403   0.00407260  0.000888715
     0.091862964     0.211673     0.292212   0.00262387  0.000572575
     0.091862964     0.254008     0.211837   0.00129266  0.000282082
     0.091862964     0.296342     0.170712  0.000608372  0.000132758
     0.091862964     0.338677     0.148107  0.000709832  0.000154898
     0.091862964     0.381011     0.135734  0.000829889  0.000181097
     0.091862964     0.423346     0.128700   0.00102048  0.000222687
     0.099518211    0.0423346      3817.81  9.84107e-05  2.14750e-05
     0.099518211    0.0846692      3.48984   0.00104500  0.000228038
     0.099518211     0.127004     0.780005   0.00258852  0.000564862
     0.099518211     0.169338     0.330389   0.00355780  0.000776376
     0.099518211     0.211673     0.200225   0.00244332  0.000533176
     0.099518211     0.254008     0.145975   0.00102963  0.000224683
     0.099518211     0.296342     0.117714  0.000534212  0.000116575
     0.099518211     0.338677     0.102614  0.000616117  0.000134448
     0.099518211     0.381011    0.0936147  0.000671838  0.000146607
     0.099518211     0.423346    0.0887038  0.000810760  0.000176922
      0.10717346    0.0423346      3228.93  9.74329e-05  2.12616e-05
      0.10717346    0.0846692      2.83009  0.000819394  0.000178806
      0.10717346     0.127004     0.627850   0.00226202  0.000493614
      0.10717346     0.169338     0.265501   0.00331751  0.000723939
      0.10717346     0.211673     0.161373   0.00211734  0.000462041
      0.10717346     0.254008     0.117293   0.00121081  0.000264221
      0.10717346     0.296342    0.0949257  0.000460191  0.000100422
      0.10717346     0.338677    0.0826251  0.000612008  0.000133551
      0.10717346     0.381011    0.0755979  0.000632158  0.000137948
      0.10717346     0.423346    0.0721057  0.000980094  0.000213874
      0.11482871    0.0423346      2902.06  6.14159e-05  1.34021e-05
      0.11482871    0.0846692      2.25781  0.000659153  0.000143839
      0.11482871     0.127004     0.499425   0.00203756  0.000444633
      0.11482871     0.169338     0.211778   0.00266879  0.000582378
      0.11482871     0.211673     0.128714   0.00181312  0.000395655
      0.11482871     0.254008    0.0935265   0.00126899  0.000276915
      0.11482871     0.296342    0.0754963  0.000463883  0.000101228
      0.11482871     0.338677    0.0653078  0.000604276  0.000131864
      0.11482871     0.381011    0.0599496  0.000591384  0.000129051
      0.11482871     0.423346    0.0573252  0.000945229  0.000206266
      0.12248395    0.0423346      2721.08  6.14193e-05  1.34028e-05
      0.12248395    0.0846692      2.04056  0.000642744  0.000140258
      0.12248395     0.127004     0.449341   0.00177726  0.000387829
      0.12248395     0.169338     0.190748   0.00233564  0.000509678
      0.12248395     0.211673     0.115809   0.00153003  0.000333879
      0.12248395     0.254008    0.0836236   0.00103317  0.000225457
      0.12248395     0.296342    0.0674584  0.000535628  0.000116884
      0.12248395     0.338677    0.0585501  0.000472055  0.000103011
      0.12248395     0.381011    0.0536879  0.000531907  0.000116072
      0.12248395     0.423346    0.0512931  0.000785362  0.000171380
      0.13013920    0.0423346      2527.11  8.56571e-05  1.86919e-05
      0.13013920    0.0846692      1.83326  0.000640905  0.000139857
      0.13013920     0.127004     0.401113   0.00168968  0.000368718
      0.13013920     0.169338     0.170223   0.00213763  0.000466469
      0.13013920     0.211673     0.103289   0.00125484  0.000273828
      0.13013920     0.254008    0.0743507  0.000750581  0.000163790
      0.13013920     0.296342    0.0596830  0.000664112  0.000144921
      0.13013920     0.338677    0.0521350  0.000425387  9.28271e-05
      0.13013920     0.381011    0.0479427  0.000533573  0.000116435
      0.13013920     0.423346    0.0455480  0.000637631  0.000139143
      0.13779445    0.0423346      1993.82  9.44512e-05  2.06110e-05
      0.13779445    0.0846692      1.40060  0.000604182  0.000131843
      0.13779445     0.127004     0.310699   0.00141439  0.000308645
      0.13779445     0.169338     0.131682   0.00185149  0.000404027
      0.13779445     0.211673    0.0799567   0.00102181  0.000222977
      0.13779445     0.254008    0.0579005  0.000439336  9.58709e-05
      0.13779445     0.296342    0.0464459  0.000684853  0.000149447
      0.13779445     0.338677    0.0406857  0.000415847  9.07452e-05
      0.13779445     0.381011    0.0374359  0.000434804  9.48819e-05
      0.13779445     0.423346    0.0353899  0.000422536  9.22048e-05
      0.14544969    0.0423346      1902.22  8.00127e-05  1.74602e-05
      0.14544969    0.0846692      1.31837  0.000645030  0.000140757
      0.14544969     0.127004     0.300804   0.00150051  0.000327437
      0.14544969     0.169338     0.127038   0.00205189  0.000447758
      0.14544969     0.211673    0.0775729   0.00102837  0.000224409
      0.14544969     0.254008    0.0563461  0.000367966  8.02967e-05
      0.14544969     0.296342    0.0450956  0.000674056  0.000147091
      0.14544969     0.338677    0.0396031  0.000415361  9.06393e-05
      0.14544969     0.381011    0.0364036  0.000421800  9.20443e-05
      0.14544969     0.423346    0.0343225  0.000442266  9.65104e-05
      0.15310494    0.0423346      1315.82  7.27741e-05  1.58806e-05
      0.15310494    0.0846692     0.981618  0.000556223  0.000121378
      0.15310494     0.127004     0.210185   0.00130984  0.000285829
      0.15310494     0.169338    0.0890684   0.00178404  0.000389309
      0.15310494     0.211673    0.0541615   0.00112110  0.000244643
      0.15310494     0.254008    0.0392284  0.000443745  9.68331e-05
      0.15310494     0.296342    0.0315028  0.000620889  0.000135489
      0.15310494     0.338677    0.0274759  0.000394098  8.59993e-05
      0.15310494     0.381011    0.0252906  0.000503077  0.000109780
      0.15310494     0.423346    0.0238176  0.000415567  9.06841e-05
      0.16076019    0.0423346      1039.40  9.53180e-05  2.08001e-05
      0.16076019    0.0846692     0.986291  0.000744315  0.000162423
      0.16076019     0.127004     0.207928   0.00146217  0.000319071
      0.16076019     0.169338    0.0884243   0.00236548  0.000516191
      0.16076019     0.211673    0.0538507   0.00134867  0.000294304
      0.16076019     0.254008    0.0389148  0.000567210  0.000123775
      0.16076019     0.296342    0.0314225  0.000620887  0.000135489
      0.16076019     0.338677    0.0272873  0.000430430  9.39274e-05
      0.16076019     0.381011    0.0253146  0.000678275  0.000148012
      0.16076019     0.423346    0.0237812  0.000415058  9.05730e-05
      0.16841543    0.0423346      863.544  0.000129476  2.82540e-05
      0.16841543    0.0846692     0.860832   0.00107013  0.000233522
      0.16841543     0.127004     0.180342   0.00186419  0.000406799
      0.16841543     0.169338    0.0763074   0.00294232  0.000642066
      0.16841543     0.211673    0.0466783   0.00141863  0.000309570
      0.16841543     0.254008    0.0339451  0.000610802  0.000133288
      0.16841543     0.296342    0.0275161  0.000541852  0.000118242
      0.16841543     0.338677    0.0236027  0.000573836  0.000125221
      0.16841543     0.381011    0.0219905  0.000773441  0.000168779
      0.16841543     0.423346    0.0205952  0.000407088  8.88339e-05
      0.17607068    0.0423346      765.599  0.000128268  2.79904e-05
      0.17607068    0.0846692     0.670656   0.00121829  0.000265852
      0.17607068     0.127004     0.135618   0.00188982  0.000412392
      0.17607068     0.169338    0.0569861   0.00282119  0.000615633
      0.17607068     0.211673    0.0351169   0.00124934  0.000272629
      0.17607068     0.254008    0.0255624  0.000656810  0.000143328
      0.17607068     0.296342    0.0206323  0.000488181  0.000106530
      0.17607068     0.338677    0.0177154  0.000619893  0.000135272
      0.17607068     0.381011    0.0162553  0.000585724  0.000127815
      0.17607068     0.423346    0.0153084  0.000427538  9.32965e-05
      0.18372593    0.0423346      886.923  0.000169685  3.70282e-05
      0.18372593    0.0846692     0.722823   0.00161072  0.000351488
      0.18372593     0.127004     0.149856   0.00257797  0.000562558
      0.18372593     0.169338    0.0630050   0.00237107  0.000517410
      0.18372593     0.211673    0.0384593   0.00129848  0.000283352
      0.18372593     0.254008    0.0282070  0.000649494  0.000141731
      0.18372593     0.296342    0.0228675  0.000456491  9.96144e-05
      0.18372593     0.338677    0.0197519  0.000533555  0.000116431
      0.18372593     0.381011    0.0180146  0.000389010  8.48890e-05
      0.18372593     0.423346    0.0171371  0.000523572  0.000114253
      0.19138118    0.0423346      1063.59  0.000201194  4.39041e-05
      0.19138118    0.0846692     0.848848   0.00185121  0.000403967
      0.19138118     0.127004     0.173268   0.00370712  0.000808959
      0.19138118     0.169338    0.0733704   0.00180873  0.000394698
      0.19138118     0.211673    0.0445859   0.00109172  0.000238234
      0.19138118     0.254008    0.0325401  0.000499303  0.000108957
      0.19138118     0.296342    0.0263598  0.000439525  9.59121e-05
      0.19138118     0.338677    0.0228943  0.000410713  8.96249e-05
      0.19138118     0.381011    0.0208948  0.000316210  6.90026e-05
      0.19138118     0.423346    0.0198797  0.000516007  0.000112602
      0.19903642    0.0423346      1120.89  0.000192612  4.20313e-05
      0.19903642    0.0846692     0.783412   0.00160480  0.000350196
      0.19903642     0.127004     0.161787   0.00354568  0.000773731
      0.19903642     0.169338    0.0687223   0.00171462  0.000374161
      0.19903642     0.211673    0.0418944  0.000893564  0.000194992
      0.19903642     0.254008    0.0306336  0.000423250  9.23608e-05
      0.19903642     0.296342    0.0246971  0.000455740  9.94505e-05
      0.19903642     0.338677    0.0214241  0.000306877  6.69660e-05
      0.19903642     0.381011    0.0197629  0.000379008  8.27063e-05
      0.19903642     0.423346    0.0187062  0.000437763  9.55277e-05
