k per (hMpc^-1)  k par (hMpc^-1) P_FG (K^2h^-3Mpc^3)  P_21 (K^2h^-3Mpc^3)  
Sample variance (K^2h^-3Mpc^3) 
    0.0076552470    0.0423346      174599.   0.00740451   0.00161580
    0.0076552470    0.0846692      482.093     0.137076    0.0299124
    0.0076552470     0.127004      110.143     0.211480    0.0461487
    0.0076552470     0.169338      46.7499     0.360145    0.0785901
    0.0076552470     0.211673      28.4088     0.167591    0.0365714
    0.0076552470     0.254008      20.5922    0.0459355    0.0100240
    0.0076552470     0.296342      16.6466   0.00422837  0.000922707
    0.0076552470     0.338677      14.5120   0.00928155   0.00202540
    0.0076552470     0.381011      13.2968    0.0338973   0.00739699
    0.0076552470     0.423346      12.6355    0.0601620    0.0131284
     0.015310494    0.0423346      379241.    0.0126729   0.00276546
     0.015310494    0.0846692      1048.35     0.295500    0.0644835
     0.015310494     0.127004      239.463     0.450802    0.0983732
     0.015310494     0.169338      101.629     0.787724     0.171895
     0.015310494     0.211673      61.7641     0.361341    0.0788510
     0.015310494     0.254008      44.7655    0.0984039    0.0214735
     0.015310494     0.296342      36.1818   0.00829117   0.00180928
     0.015310494     0.338677      31.5336    0.0181659   0.00396413
     0.015310494     0.381011      28.9001    0.0739076    0.0161280
     0.015310494     0.423346      27.4610     0.131044    0.0285962
     0.022965741    0.0423346      374708.   0.00610298   0.00133178
     0.022965741    0.0846692      746.730     0.207039    0.0451797
     0.022965741     0.127004      170.366     0.309321    0.0674995
     0.022965741     0.169338      72.3003     0.561683     0.122569
     0.022965741     0.211673      43.9330     0.259416    0.0566091
     0.022965741     0.254008      31.8422    0.0695758    0.0151827
     0.022965741     0.296342      25.7330   0.00579696   0.00126500
     0.022965741     0.338677      22.4288    0.0128314   0.00280004
     0.022965741     0.381011      20.5573    0.0538041    0.0117410
     0.022965741     0.423346      19.5278    0.0926611    0.0202203
     0.030620988    0.0423346      192711.   0.00105676  0.000230604
     0.030620988    0.0846692      195.530    0.0530312    0.0115723
     0.030620988     0.127004      44.5034    0.0762542    0.0166400
     0.030620988     0.169338      18.8859     0.146653    0.0320022
     0.030620988     0.211673      11.4714    0.0703158    0.0153442
     0.030620988     0.254008      8.31501    0.0193069   0.00421311
     0.030620988     0.296342      6.72244   0.00187695  0.000409583
     0.030620988     0.338677      5.86047   0.00370543  0.000808592
     0.030620988     0.381011      5.37245    0.0150946   0.00329391
     0.030620988     0.423346      5.10028    0.0238925   0.00521377
     0.038276235    0.0423346      100826.  0.000520875  0.000113664
     0.038276235    0.0846692      47.9335    0.0133356   0.00291006
     0.038276235     0.127004      10.9174    0.0208574   0.00455145
     0.038276235     0.169338      4.63683    0.0354968   0.00774605
     0.038276235     0.211673      2.81849    0.0167398   0.00365292
     0.038276235     0.254008      2.03751   0.00732971   0.00159947
     0.038276235     0.296342      1.65263  0.000675531  0.000147413
     0.038276235     0.338677      1.43827   0.00102449  0.000223562
     0.038276235     0.381011      1.31845   0.00410978  0.000896827
     0.038276235     0.423346      1.25160   0.00609679   0.00133043
     0.045931482    0.0423346      64945.0  0.000227463  4.96365e-05
     0.045931482    0.0846692      34.6639   0.00978826   0.00213597
     0.045931482     0.127004      7.90202    0.0159205   0.00347414
     0.045931482     0.169338      3.35973    0.0262658   0.00573166
     0.045931482     0.211673      2.04657    0.0110399   0.00240910
     0.045931482     0.254008      1.47848   0.00621482   0.00135618
     0.045931482     0.296342      1.19557  0.000921789  0.000201151
     0.045931482     0.338677      1.04368   0.00119441  0.000260643
     0.045931482     0.381011     0.952290   0.00228260  0.000498104
     0.045931482     0.423346     0.906689   0.00488127   0.00106518
     0.053586729    0.0423346      40428.2  0.000139749  3.04958e-05
     0.053586729    0.0846692      17.9862   0.00549838   0.00119984
     0.053586729     0.127004      4.13206   0.00935787   0.00204205
     0.053586729     0.169338      1.75314    0.0171691   0.00374659
     0.053586729     0.211673      1.07216   0.00659215   0.00143852
     0.053586729     0.254008     0.776458   0.00356901  0.000778821
     0.053586729     0.296342     0.625573   0.00109443  0.000238823
     0.053586729     0.338677     0.547751   0.00112620  0.000245758
     0.053586729     0.381011     0.498278   0.00114446  0.000249742
     0.053586729     0.423346     0.475669   0.00302314  0.000659704
     0.061241976    0.0423346      25019.7  0.000103613  2.26101e-05
     0.061241976    0.0846692      10.8154   0.00348760  0.000761058
     0.061241976     0.127004      2.49653   0.00744685   0.00162504
     0.061241976     0.169338      1.05723    0.0118151   0.00257827
     0.061241976     0.211673     0.646880   0.00486992   0.00106270
     0.061241976     0.254008     0.470004   0.00170871  0.000372870
     0.061241976     0.296342     0.377806  0.000864863  0.000188729
     0.061241976     0.338677     0.330433  0.000765579  0.000167063
     0.061241976     0.381011     0.301049  0.000875091  0.000190961
     0.061241976     0.423346     0.286875   0.00176574  0.000385316
     0.068897223    0.0423346      13087.5  0.000155679  3.39720e-05
     0.068897223    0.0846692      7.95930   0.00230126  0.000502176
     0.068897223     0.127004      1.80466   0.00735891   0.00160585
     0.068897223     0.169338     0.767350   0.00672750   0.00146806
     0.068897223     0.211673     0.465441   0.00403413  0.000880320
     0.068897223     0.254008     0.336990   0.00146970  0.000320715
     0.068897223     0.296342     0.271696  0.000695211  0.000151707
     0.068897223     0.338677     0.237267  0.000717467  0.000156564
     0.068897223     0.381011     0.216968  0.000900207  0.000196441
     0.068897223     0.423346     0.205797   0.00123089  0.000268602
     0.076552470    0.0423346      8613.81  0.000152108  3.31927e-05
     0.076552470    0.0846692      6.43694   0.00171760  0.000374812
     0.076552470     0.127004      1.44029   0.00515392   0.00112468
     0.076552470     0.169338     0.611820   0.00528443   0.00115316
     0.076552470     0.211673     0.370825   0.00291947  0.000637080
     0.076552470     0.254008     0.267603   0.00160013  0.000349176
     0.076552470     0.296342     0.216199  0.000580029  0.000126573
     0.076552470     0.338677     0.188186  0.000665304  0.000145181
     0.076552470     0.381011     0.172837  0.000884500  0.000193014
     0.076552470     0.423346     0.163766   0.00106539  0.000232487
     0.084207717    0.0423346      4685.61  9.55503e-05  2.08508e-05
     0.084207717    0.0846692      4.21723   0.00114300  0.000249424
     0.084207717     0.127004     0.935345   0.00323139  0.000705146
     0.084207717     0.169338     0.396924   0.00362016  0.000789984
     0.084207717     0.211673     0.240997   0.00198400  0.000432943
     0.084207717     0.254008     0.173946   0.00138854  0.000303005
     0.084207717     0.296342     0.140228  0.000558626  0.000121902
     0.084207717     0.338677     0.121363  0.000606356  0.000132318
     0.084207717     0.381011     0.111771  0.000709901  0.000154913
     0.084207717     0.423346     0.106057  0.000860956  0.000187876
     0.091862964    0.0423346      4801.68  9.31235e-05  2.03212e-05
     0.091862964    0.0846692      5.08197   0.00141844  0.000309528
     0.091862964     0.127004      1.13591   0.00356639  0.000778251
     0.091862964     0.169338     0.482403   0.00407260  0.000888714
     0.091862964     0.211673     0.292212   0.00262387  0.000572574
     0.091862964     0.254008     0.211837   0.00129266  0.000282082
     0.091862964     0.296342     0.170712  0.000608373  0.000132758
     0.091862964     0.338677     0.148107  0.000709831  0.000154898
     0.091862964     0.381011     0.135734  0.000829888  0.000181096
     0.091862964     0.423346     0.128700   0.00102048  0.000222687
     0.099518211    0.0423346      3817.81  9.84110e-05  2.14750e-05
     0.099518211    0.0846692      3.48984   0.00104500  0.000228038
     0.099518211     0.127004     0.780005   0.00258852  0.000564862
     0.099518211     0.169338     0.330389   0.00355780  0.000776377
     0.099518211     0.211673     0.200225   0.00244332  0.000533177
     0.099518211     0.254008     0.145975   0.00102963  0.000224683
     0.099518211     0.296342     0.117714  0.000534212  0.000116575
     0.099518211     0.338677     0.102614  0.000616119  0.000134448
     0.099518211     0.381011    0.0936146  0.000671837  0.000146607
     0.099518211     0.423346    0.0887038  0.000810761  0.000176922
      0.10717346    0.0423346      3228.93  9.74330e-05  2.12616e-05
      0.10717346    0.0846692      2.83009  0.000819394  0.000178806
      0.10717346     0.127004     0.627850   0.00226202  0.000493613
      0.10717346     0.169338     0.265501   0.00331750  0.000723939
      0.10717346     0.211673     0.161373   0.00211734  0.000462042
      0.10717346     0.254008     0.117293   0.00121081  0.000264221
      0.10717346     0.296342    0.0949257  0.000460191  0.000100422
      0.10717346     0.338677    0.0826252  0.000612010  0.000133552
      0.10717346     0.381011    0.0755979  0.000632159  0.000137948
      0.10717346     0.423346    0.0721057  0.000980093  0.000213874
      0.11482871    0.0423346      2902.06  6.14155e-05  1.34020e-05
      0.11482871    0.0846692      2.25781  0.000659154  0.000143839
      0.11482871     0.127004     0.499425   0.00203756  0.000444632
      0.11482871     0.169338     0.211778   0.00266879  0.000582377
      0.11482871     0.211673     0.128714   0.00181312  0.000395655
      0.11482871     0.254008    0.0935266   0.00126899  0.000276916
      0.11482871     0.296342    0.0754963  0.000463883  0.000101228
      0.11482871     0.338677    0.0653078  0.000604276  0.000131864
      0.11482871     0.381011    0.0599496  0.000591384  0.000129051
      0.11482871     0.423346    0.0573252  0.000945228  0.000206266
      0.12248395    0.0423346      2721.08  6.14187e-05  1.34027e-05
      0.12248395    0.0846692      2.04056  0.000642744  0.000140258
      0.12248395     0.127004     0.449341   0.00177725  0.000387829
      0.12248395     0.169338     0.190748   0.00233563  0.000509676
      0.12248395     0.211673     0.115809   0.00153003  0.000333879
      0.12248395     0.254008    0.0836236   0.00103318  0.000225458
      0.12248395     0.296342    0.0674584  0.000535627  0.000116883
      0.12248395     0.338677    0.0585502  0.000472056  0.000103011
      0.12248395     0.381011    0.0536879  0.000531906  0.000116071
      0.12248395     0.423346    0.0512931  0.000785359  0.000171379
      0.13013920    0.0423346      2527.11  8.56569e-05  1.86919e-05
      0.13013920    0.0846692      1.83326  0.000640905  0.000139857
      0.13013920     0.127004     0.401112   0.00168968  0.000368719
      0.13013920     0.169338     0.170223   0.00213763  0.000466468
      0.13013920     0.211673     0.103289   0.00125483  0.000273827
      0.13013920     0.254008    0.0743507  0.000750581  0.000163790
      0.13013920     0.296342    0.0596830  0.000664111  0.000144921
      0.13013920     0.338677    0.0521350  0.000425390  9.28276e-05
      0.13013920     0.381011    0.0479427  0.000533574  0.000116435
      0.13013920     0.423346    0.0455479  0.000637629  0.000139142
      0.13779445    0.0423346      1993.82  9.44512e-05  2.06109e-05
      0.13779445    0.0846692      1.40060  0.000604181  0.000131843
      0.13779445     0.127004     0.310699   0.00141439  0.000308645
      0.13779445     0.169338     0.131682   0.00185148  0.000404027
      0.13779445     0.211673    0.0799567   0.00102181  0.000222977
      0.13779445     0.254008    0.0579005  0.000439335  9.58707e-05
      0.13779445     0.296342    0.0464459  0.000684853  0.000149447
      0.13779445     0.338677    0.0406857  0.000415848  9.07454e-05
      0.13779445     0.381011    0.0374359  0.000434803  9.48818e-05
      0.13779445     0.423346    0.0353899  0.000422536  9.22049e-05
      0.14544969    0.0423346      1902.22  8.00128e-05  1.74602e-05
      0.14544969    0.0846692      1.31837  0.000645031  0.000140757
      0.14544969     0.127004     0.300804   0.00150051  0.000327438
      0.14544969     0.169338     0.127038   0.00205189  0.000447758
      0.14544969     0.211673    0.0775729   0.00102837  0.000224409
      0.14544969     0.254008    0.0563461  0.000367966  8.02967e-05
      0.14544969     0.296342    0.0450956  0.000674057  0.000147091
      0.14544969     0.338677    0.0396031  0.000415362  9.06394e-05
      0.14544969     0.381011    0.0364036  0.000421798  9.20439e-05
      0.14544969     0.423346    0.0343225  0.000442265  9.65102e-05
      0.15310494    0.0423346      1315.82  7.27740e-05  1.58806e-05
      0.15310494    0.0846692     0.981618  0.000556223  0.000121378
      0.15310494     0.127004     0.210185   0.00130984  0.000285830
      0.15310494     0.169338    0.0890684   0.00178404  0.000389309
      0.15310494     0.211673    0.0541615   0.00112109  0.000244643
      0.15310494     0.254008    0.0392284  0.000443748  9.68336e-05
      0.15310494     0.296342    0.0315028  0.000620890  0.000135489
      0.15310494     0.338677    0.0274759  0.000394098  8.59991e-05
      0.15310494     0.381011    0.0252906  0.000503076  0.000109780
      0.15310494     0.423346    0.0238176  0.000415568  9.06844e-05
      0.16076019    0.0423346      1039.40  9.53181e-05  2.08001e-05
      0.16076019    0.0846692     0.986291  0.000744315  0.000162423
      0.16076019     0.127004     0.207928   0.00146217  0.000319072
      0.16076019     0.169338    0.0884243   0.00236548  0.000516191
      0.16076019     0.211673    0.0538507   0.00134867  0.000294304
      0.16076019     0.254008    0.0389148  0.000567211  0.000123776
      0.16076019     0.296342    0.0314225  0.000620887  0.000135489
      0.16076019     0.338677    0.0272873  0.000430429  9.39274e-05
      0.16076019     0.381011    0.0253146  0.000678274  0.000148012
      0.16076019     0.423346    0.0237812  0.000415059  9.05734e-05
      0.16841543    0.0423346      863.544  0.000129476  2.82540e-05
      0.16841543    0.0846692     0.860832   0.00107013  0.000233522
      0.16841543     0.127004     0.180342   0.00186419  0.000406800
      0.16841543     0.169338    0.0763074   0.00294232  0.000642066
      0.16841543     0.211673    0.0466783   0.00141863  0.000309570
      0.16841543     0.254008    0.0339451  0.000610802  0.000133288
      0.16841543     0.296342    0.0275161  0.000541852  0.000118242
      0.16841543     0.338677    0.0236027  0.000573835  0.000125221
      0.16841543     0.381011    0.0219905  0.000773441  0.000168779
      0.16841543     0.423346    0.0205952  0.000407090  8.88343e-05
      0.17607068    0.0423346      765.599  0.000128268  2.79904e-05
      0.17607068    0.0846692     0.670656   0.00121829  0.000265852
      0.17607068     0.127004     0.135618   0.00188982  0.000412392
      0.17607068     0.169338    0.0569861   0.00282119  0.000615633
      0.17607068     0.211673    0.0351169   0.00124934  0.000272629
      0.17607068     0.254008    0.0255624  0.000656809  0.000143328
      0.17607068     0.296342    0.0206323  0.000488181  0.000106530
      0.17607068     0.338677    0.0177154  0.000619893  0.000135272
      0.17607068     0.381011    0.0162553  0.000585725  0.000127816
      0.17607068     0.423346    0.0153084  0.000427539  9.32966e-05
      0.18372593    0.0423346      886.923  0.000169685  3.70283e-05
      0.18372593    0.0846692     0.722823   0.00161072  0.000351488
      0.18372593     0.127004     0.149856   0.00257796  0.000562558
      0.18372593     0.169338    0.0630050   0.00237107  0.000517410
      0.18372593     0.211673    0.0384593   0.00129848  0.000283352
      0.18372593     0.254008    0.0282070  0.000649494  0.000141731
      0.18372593     0.296342    0.0228675  0.000456490  9.96143e-05
      0.18372593     0.338677    0.0197519  0.000533554  0.000116431
      0.18372593     0.381011    0.0180146  0.000389010  8.48889e-05
      0.18372593     0.423346    0.0171371  0.000523572  0.000114253
      0.19138118    0.0423346      1063.59  0.000201194  4.39041e-05
      0.19138118    0.0846692     0.848848   0.00185121  0.000403967
      0.19138118     0.127004     0.173268   0.00370712  0.000808959
      0.19138118     0.169338    0.0733704   0.00180873  0.000394698
      0.19138118     0.211673    0.0445859   0.00109172  0.000238234
      0.19138118     0.254008    0.0325401  0.000499303  0.000108957
      0.19138118     0.296342    0.0263598  0.000439525  9.59123e-05
      0.19138118     0.338677    0.0228943  0.000410712  8.96246e-05
      0.19138118     0.381011    0.0208948  0.000316211  6.90028e-05
      0.19138118     0.423346    0.0198797  0.000516006  0.000112602
      0.19903642    0.0423346      1120.89  0.000192611  4.20312e-05
      0.19903642    0.0846692     0.783412   0.00160480  0.000350196
      0.19903642     0.127004     0.161787   0.00354568  0.000773731
      0.19903642     0.169338    0.0687223   0.00171462  0.000374161
      0.19903642     0.211673    0.0418944  0.000893563  0.000194992
      0.19903642     0.254008    0.0306336  0.000423250  9.23608e-05
      0.19903642     0.296342    0.0246971  0.000455740  9.94505e-05
      0.19903642     0.338677    0.0214241  0.000306876  6.69659e-05
      0.19903642     0.381011    0.0197629  0.000379008  8.27064e-05
      0.19903642     0.423346    0.0187062  0.000437762  9.55276e-05
