k per (hMpc^-1)  k par (hMpc^-1) P_21 (K^2h^-3Mpc^3)  P_noise (K^2h^-3Mpc^3)  
Delta P_thermal (K^2h^-3Mpc^3)  Sample variance (K^2h^-3Mpc^3) 
    0.0076552470    0.0423346  -0.00241580   0.00846864   0.00184801
  0.000527171
    0.0076552470    0.0846692   0.00315284   0.00525224   0.00114613
  0.000688007
    0.0076552470     0.127004  -0.00674054   0.00890089   0.00194233
   0.00147091
    0.0076552470     0.169338   0.00517608   0.00941898   0.00205539
   0.00112951
    0.0076552470     0.211673    0.0113239   0.00134676  0.000293887
   0.00247109
    0.0076552470     0.254008   0.00558842   0.00587657   0.00128237
   0.00121949
    0.0076552470     0.296342   0.00504704   0.00620696   0.00135447
   0.00110135
    0.0076552470     0.338677   0.00245297  0.000390659  8.52487e-05
  0.000535281
    0.0076552470     0.381011  -0.00178807   0.00741995   0.00161917
  0.000390188
    0.0076552470     0.423346   0.00255118   0.00194912  0.000425332
  0.000556713
     0.015310494    0.0423346  -0.00148234   0.00919650   0.00200684
  0.000323474
     0.015310494    0.0846692   0.00520963   0.00556494   0.00121437
   0.00113683
     0.015310494     0.127004 -0.000170567   0.00714791   0.00155980
  3.72208e-05
     0.015310494     0.169338   0.00683947    0.0100525   0.00219363
   0.00149249
     0.015310494     0.211673   0.00960449   0.00239791  0.000523266
   0.00209587
     0.015310494     0.254008   0.00918245   0.00536755   0.00117130
   0.00200377
     0.015310494     0.296342   0.00235197   0.00720388   0.00157201
  0.000513241
     0.015310494     0.338677   0.00230743  0.000592693  0.000129336
  0.000503523
     0.015310494     0.381011  -0.00203118   0.00846424   0.00184705
  0.000443239
     0.015310494     0.423346   0.00462354   0.00170897  0.000372928
   0.00100894
     0.022965741    0.0423346  -0.00142876   0.00872227   0.00190336
  0.000311781
     0.022965741    0.0846692   0.00707680   0.00696677   0.00152027
   0.00154428
     0.022965741     0.127004   0.00959131   0.00466669   0.00101836
   0.00209300
     0.022965741     0.169338   0.00829122    0.0109351   0.00238624
   0.00180929
     0.022965741     0.211673   0.00359536   0.00491569   0.00107269
  0.000784571
     0.022965741     0.254008    0.0119022   0.00489483   0.00106814
   0.00259728
     0.022965741     0.296342  0.000651820   0.00756943   0.00165178
  0.000142239
     0.022965741     0.338677   0.00256904   0.00131697  0.000287387
  0.000560610
     0.022965741     0.381011   0.00370480   0.00622276   0.00135792
  0.000808453
     0.022965741     0.423346   0.00606734   0.00230331  0.000502623
   0.00132400
     0.030620988    0.0423346 -0.000215591   0.00661767   0.00144409
  4.70459e-05
     0.030620988    0.0846692   0.00779717   0.00717087   0.00156481
   0.00170148
     0.030620988     0.127004    0.0140414   0.00319927  0.000698138
   0.00306409
     0.030620988     0.169338   0.00535040    0.0107567   0.00234730
   0.00116755
     0.030620988     0.211673   0.00229713   0.00467171   0.00101945
  0.000501274
     0.030620988     0.254008    0.0109656   0.00432289  0.000943332
   0.00239289
     0.030620988     0.296342   0.00370298   0.00511153   0.00111543
  0.000808057
     0.030620988     0.338677   0.00335126   0.00255576  0.000557713
  0.000731305
     0.030620988     0.381011   0.00801389   0.00307424  0.000670853
   0.00174878
     0.030620988     0.423346   0.00591353   0.00311282  0.000679274
   0.00129044
     0.038276235    0.0423346   0.00426744   0.00379999  0.000829227
  0.000931232
     0.038276235    0.0846692   0.00546670   0.00688968   0.00150345
   0.00119293
     0.038276235     0.127004    0.0124518   0.00323587  0.000706125
   0.00271721
     0.038276235     0.169338   0.00398333   0.00935558   0.00204156
  0.000869234
     0.038276235     0.211673   0.00326058   0.00336787  0.000734930
  0.000711516
     0.038276235     0.254008   0.00828151   0.00429950  0.000938227
   0.00180717
     0.038276235     0.296342   0.00831592   0.00323610  0.000706175
   0.00181468
     0.038276235     0.338677   0.00563111   0.00508126   0.00110882
   0.00122881
     0.038276235     0.381011   0.00796968   0.00158420  0.000345701
   0.00173913
     0.038276235     0.423346   0.00310483   0.00409097  0.000892723
  0.000677530
     0.045931482    0.0423346   0.00882806   0.00226867  0.000495065
   0.00192644
     0.045931482    0.0846692   0.00457266   0.00644927   0.00140735
  0.000997835
     0.045931482     0.127004   0.00875174   0.00481878   0.00105154
   0.00190979
     0.045931482     0.169338   0.00529969   0.00606120   0.00132266
   0.00115649
     0.045931482     0.211673   0.00616321   0.00260479  0.000568412
   0.00134492
     0.045931482     0.254008   0.00681247   0.00528149   0.00115251
   0.00148660
     0.045931482     0.296342    0.0120451   0.00318024  0.000693985
   0.00262846
     0.045931482     0.338677   0.00825904   0.00684392   0.00149347
   0.00180227
     0.045931482     0.381011   0.00311030   0.00246657  0.000538249
  0.000678722
     0.045931482     0.423346   0.00540621   0.00405850  0.000885638
   0.00117973
     0.053586729    0.0423346    0.0108353   0.00238260  0.000519925
   0.00236445
     0.053586729    0.0846692   0.00517787   0.00597172   0.00130314
   0.00112990
     0.053586729     0.127004   0.00622322   0.00521373   0.00113773
   0.00135802
     0.053586729     0.169338   0.00858872   0.00448659  0.000979055
   0.00187421
     0.053586729     0.211673   0.00860460   0.00325504  0.000710309
   0.00187768
     0.053586729     0.254008   0.00910138   0.00587884   0.00128287
   0.00198608
     0.053586729     0.296342    0.0138180   0.00372738  0.000813381
   0.00301534
     0.053586729     0.338677   0.00937721   0.00578561   0.00126252
   0.00204627
     0.053586729     0.381011  0.000669010   0.00407422  0.000889068
  0.000145990
     0.053586729     0.423346   0.00905474   0.00410239  0.000895216
   0.00197591
     0.061241976    0.0423346    0.0143587   0.00340981  0.000744082
   0.00313332
     0.061241976    0.0846692   0.00461978   0.00593409   0.00129493
   0.00100812
     0.061241976     0.127004   0.00410927   0.00460529   0.00100496
  0.000896717
     0.061241976     0.169338    0.0122609   0.00417453  0.000910958
   0.00267554
     0.061241976     0.211673   0.00648829   0.00435596  0.000950548
   0.00141586
     0.061241976     0.254008   0.00921385   0.00700354   0.00152830
   0.00201063
     0.061241976     0.296342    0.0127623   0.00400643  0.000874274
   0.00278496
     0.061241976     0.338677   0.00871478   0.00395701  0.000863491
   0.00190172
     0.061241976     0.381011   0.00156972   0.00547298   0.00119430
  0.000342540
     0.061241976     0.423346    0.0106513   0.00450098  0.000982194
   0.00232430
     0.068897223    0.0423346    0.0152021   0.00340235  0.000742454
   0.00331736
     0.068897223    0.0846692   0.00735013   0.00601225   0.00131198
   0.00160393
     0.068897223     0.127004   0.00655122   0.00310071  0.000676631
   0.00142959
     0.068897223     0.169338    0.0130735   0.00564609   0.00123208
   0.00285287
     0.068897223     0.211673   0.00990959   0.00445892  0.000973017
   0.00216245
     0.068897223     0.254008   0.00842860   0.00721246   0.00157389
   0.00183927
     0.068897223     0.296342   0.00641936   0.00436933  0.000953466
   0.00140082
     0.068897223     0.338677   0.00828397   0.00415711  0.000907157
   0.00180771
     0.068897223     0.381011   0.00321839   0.00567337   0.00123803
  0.000702310
     0.068897223     0.423346   0.00886969   0.00553065   0.00120689
   0.00193552
     0.076552470    0.0423346    0.0123358   0.00420113  0.000916763
   0.00269190
     0.076552470    0.0846692    0.0111919   0.00477284   0.00104152
   0.00244227
     0.076552470     0.127004    0.0131562   0.00353164  0.000770668
   0.00287093
     0.076552470     0.169338   0.00816840   0.00758147   0.00165441
   0.00178249
     0.076552470     0.211673    0.0128022   0.00485563   0.00105958
   0.00279367
     0.076552470     0.254008   0.00333305   0.00804888   0.00175641
  0.000727330
     0.076552470     0.296342 -2.10400e-05   0.00532500   0.00116201
  4.59130e-06
     0.076552470     0.338677   0.00910605   0.00572384   0.00124905
   0.00198710
     0.076552470     0.381011   0.00699804   0.00409050  0.000892620
   0.00152710
     0.076552470     0.423346    0.0109736   0.00506609   0.00110551
   0.00239464
     0.084207717    0.0423346   0.00760767   0.00479676   0.00104674
   0.00166013
     0.084207717    0.0846692    0.0123362   0.00478611   0.00104441
   0.00269197
     0.084207717     0.127004    0.0171008   0.00460123   0.00100407
   0.00373169
     0.084207717     0.169338   0.00506324   0.00859911   0.00187648
   0.00110489
     0.084207717     0.211673    0.0130853   0.00455895  0.000994845
   0.00285545
     0.084207717     0.254008   0.00103000   0.00917325   0.00200177
  0.000224764
     0.084207717     0.296342   0.00226635   0.00600712   0.00131086
  0.000494559
     0.084207717     0.338677   0.00836177   0.00644533   0.00140649
   0.00182469
     0.084207717     0.381011    0.0136223   0.00339597  0.000741062
   0.00297264
     0.084207717     0.423346    0.0133665   0.00365039  0.000796580
   0.00291681
     0.091862964    0.0423346   0.00643121   0.00433517  0.000946012
   0.00140340
     0.091862964    0.0846692    0.0112620   0.00682939   0.00149030
   0.00245757
     0.091862964     0.127004    0.0125686   0.00718552   0.00156801
   0.00274270
     0.091862964     0.169338   0.00596635   0.00729349   0.00159157
   0.00130196
     0.091862964     0.211673   0.00970788   0.00493884   0.00107774
   0.00211843
     0.091862964     0.254008   0.00514035   0.00806713   0.00176039
   0.00112172
     0.091862964     0.296342   0.00900480   0.00559444   0.00122081
   0.00196501
     0.091862964     0.338677   0.00824475   0.00763220   0.00166548
   0.00179915
     0.091862964     0.381011    0.0153707   0.00527160   0.00115036
   0.00335416
     0.091862964     0.423346    0.0174678   0.00280916  0.000613009
   0.00381180
     0.099518211    0.0423346    0.0115788   0.00351333  0.000766672
   0.00252670
     0.099518211    0.0846692    0.0101140   0.00880215   0.00192079
   0.00220706
     0.099518211     0.127004   0.00506995   0.00889949   0.00194203
   0.00110635
     0.099518211     0.169338   0.00772376   0.00575559   0.00125597
   0.00168546
     0.099518211     0.211673   0.00524750   0.00555541   0.00121229
   0.00114510
     0.099518211     0.254008   0.00849458   0.00619026   0.00135083
   0.00185367
     0.099518211     0.296342    0.0139120   0.00535601   0.00116878
   0.00303584
     0.099518211     0.338677   0.00997150   0.00785445   0.00171398
   0.00217596
     0.099518211     0.381011    0.0147811   0.00591662   0.00129111
   0.00322550
     0.099518211     0.423346    0.0189876   0.00374644  0.000817540
   0.00414344
      0.10717346    0.0423346    0.0154927   0.00369778  0.000806921
   0.00338078
      0.10717346    0.0846692    0.0114693   0.00910584   0.00198706
   0.00250280
      0.10717346     0.127004   0.00196424   0.00820468   0.00179041
  0.000428631
      0.10717346     0.169338   0.00915874   0.00533049   0.00116321
   0.00199860
      0.10717346     0.211673   0.00601819   0.00661504   0.00144352
   0.00131328
      0.10717346     0.254008    0.0111239   0.00431795  0.000942254
   0.00242744
      0.10717346     0.296342    0.0147015   0.00507618   0.00110771
   0.00320813
      0.10717346     0.338677    0.0124138   0.00858393   0.00187317
   0.00270891
      0.10717346     0.381011   0.00979803   0.00637110   0.00139029
   0.00213811
      0.10717346     0.423346    0.0225451   0.00584496   0.00127547
   0.00491975
      0.11482871    0.0423346    0.0169140   0.00388043  0.000846778
   0.00369093
      0.11482871    0.0846692    0.0138107   0.00820342   0.00179013
   0.00301375
      0.11482871     0.127004   0.00293297   0.00750657   0.00163807
  0.000640028
      0.11482871     0.169338    0.0101719   0.00685781   0.00149650
   0.00221970
      0.11482871     0.211673    0.0111266   0.00711680   0.00155301
   0.00242803
      0.11482871     0.254008    0.0117163   0.00405125  0.000884056
   0.00255671
      0.11482871     0.296342    0.0105842   0.00644499   0.00140641
   0.00230966
      0.11482871     0.338677    0.0125237   0.00954511   0.00208291
   0.00273290
      0.11482871     0.381011   0.00814649   0.00666210   0.00145379
   0.00177771
      0.11482871     0.423346    0.0230209   0.00760653   0.00165988
   0.00502358
      0.12248395    0.0423346    0.0145897   0.00537016   0.00117186
   0.00318372
      0.12248395    0.0846692    0.0125457   0.00793192   0.00173089
   0.00273770
      0.12248395     0.127004   0.00813404   0.00807213   0.00176148
   0.00177499
      0.12248395     0.169338   0.00710803   0.00742931   0.00162121
   0.00155110
      0.12248395     0.211673    0.0150810   0.00784789   0.00171255
   0.00329094
      0.12248395     0.254008    0.0106357   0.00571348   0.00124678
   0.00232091
      0.12248395     0.296342   0.00574312   0.00726595   0.00158556
   0.00125325
      0.12248395     0.338677    0.0156428   0.00822302   0.00179441
   0.00341354
      0.12248395     0.381011   0.00750212   0.00788986   0.00172171
   0.00163710
      0.12248395     0.423346    0.0200320   0.00790655   0.00172535
   0.00437134
      0.13013920    0.0423346   0.00997765   0.00758403   0.00165497
   0.00217730
      0.13013920    0.0846692    0.0134643   0.00842522   0.00183853
   0.00293814
      0.13013920     0.127004    0.0147194   0.00905914   0.00197687
   0.00321204
      0.13013920     0.169338   0.00579512   0.00770374   0.00168109
   0.00126460
      0.13013920     0.211673    0.0205117   0.00939740   0.00205068
   0.00447603
      0.13013920     0.254008    0.0107626   0.00804052   0.00175459
   0.00234859
      0.13013920     0.296342   0.00509780   0.00872761   0.00190452
   0.00111243
      0.13013920     0.338677    0.0169377   0.00915189   0.00199711
   0.00369612
      0.13013920     0.381011   0.00741575   0.00830114   0.00181146
   0.00161825
      0.13013920     0.423346    0.0129525   0.00826110   0.00180272
   0.00282646
      0.13779445    0.0423346   0.00537277   0.00838901   0.00183063
   0.00117244
      0.13779445    0.0846692    0.0126047    0.0105974   0.00231254
   0.00275056
      0.13779445     0.127004    0.0174313   0.00930214   0.00202989
   0.00380382
      0.13779445     0.169338   0.00672459   0.00894625   0.00195223
   0.00146743
      0.13779445     0.211673    0.0260462   0.00955179   0.00208437
   0.00568375
      0.13779445     0.254008    0.0180208   0.00983880   0.00214700
   0.00393245
      0.13779445     0.296342    0.0105442   0.00949420   0.00207180
   0.00230093
      0.13779445     0.338677    0.0126613    0.0117254   0.00255869
   0.00276293
      0.13779445     0.381011    0.0120900   0.00905660   0.00197631
   0.00263825
      0.13779445     0.423346    0.0153074   0.00900929   0.00196599
   0.00334035
      0.14544969    0.0423346   0.00442018   0.00925581   0.00201978
  0.000964562
      0.14544969    0.0846692    0.0131700    0.0111789   0.00243945
   0.00287393
      0.14544969     0.127004    0.0196467   0.00873479   0.00190609
   0.00428727
      0.14544969     0.169338   0.00887202    0.0103385   0.00225604
   0.00193603
      0.14544969     0.211673    0.0189091    0.0105428   0.00230063
   0.00412629
      0.14544969     0.254008    0.0203701    0.0131918   0.00287869
   0.00444512
      0.14544969     0.296342    0.0132934    0.0106753   0.00232953
   0.00290086
      0.14544969     0.338677    0.0119297    0.0115542   0.00252134
   0.00260328
      0.14544969     0.381011    0.0185890    0.0109961   0.00239954
   0.00405645
      0.14544969     0.423346    0.0197583    0.0110425   0.00240966
   0.00431162
      0.15310494    0.0423346   0.00593563    0.0126025   0.00275010
   0.00129526
      0.15310494    0.0846692    0.0194221    0.0130405   0.00284568
   0.00423826
      0.15310494     0.127004    0.0188968    0.0107237   0.00234011
   0.00412361
      0.15310494     0.169338    0.0134974    0.0100127   0.00218496
   0.00294537
      0.15310494     0.211673    0.0152619    0.0116296   0.00253780
   0.00333042
      0.15310494     0.254008    0.0204811    0.0154681   0.00337543
   0.00446934
      0.15310494     0.296342    0.0172916    0.0106751   0.00232951
   0.00377333
      0.15310494     0.338677    0.0112372    0.0113375   0.00247404
   0.00245215
      0.15310494     0.381011    0.0209370    0.0138329   0.00301858
   0.00456884
      0.15310494     0.423346    0.0262528    0.0125089   0.00272966
   0.00572883
      0.16076019    0.0423346    0.0172227    0.0131237   0.00286382
   0.00375831
      0.16076019    0.0846692    0.0237503    0.0148481   0.00324012
   0.00518274
      0.16076019     0.127004    0.0148886    0.0142811   0.00311639
   0.00324895
      0.16076019     0.169338    0.0193566    0.0105186   0.00229534
   0.00422395
      0.16076019     0.211673    0.0102593    0.0143576   0.00313308
   0.00223876
      0.16076019     0.254008    0.0244341    0.0145825   0.00318217
   0.00533195
      0.16076019     0.296342    0.0227835    0.0117842   0.00257153
   0.00497177
      0.16076019     0.338677    0.0171241    0.0127062   0.00277272
   0.00373679
      0.16076019     0.381011    0.0206078    0.0153686   0.00335370
   0.00449699
      0.16076019     0.423346    0.0255435    0.0138070   0.00301294
   0.00557404
      0.16841543    0.0423346    0.0232568    0.0108678   0.00237154
   0.00507504
      0.16841543    0.0846692    0.0275880    0.0163030   0.00355761
   0.00602018
      0.16841543     0.127004    0.0115646    0.0210542   0.00459441
   0.00252360
      0.16841543     0.169338    0.0179318    0.0147011   0.00320805
   0.00391304
      0.16841543     0.211673    0.0125034    0.0149501   0.00326237
   0.00272847
      0.16841543     0.254008    0.0296550    0.0125942   0.00274828
   0.00647126
      0.16841543     0.296342    0.0282814    0.0135965   0.00296700
   0.00617150
      0.16841543     0.338677    0.0257837    0.0133814   0.00292007
   0.00562646
      0.16841543     0.381011    0.0186620    0.0163711   0.00357247
   0.00407237
      0.16841543     0.423346    0.0205451    0.0149932   0.00327178
   0.00448330
      0.17607068    0.0423346    0.0217906    0.0141370   0.00308495
   0.00475510
      0.17607068    0.0846692    0.0278058    0.0181137   0.00395273
   0.00606773
      0.17607068     0.127004    0.0160846    0.0247559   0.00540219
   0.00350995
      0.17607068     0.169338    0.0169393    0.0173698   0.00379040
   0.00369645
      0.17607068     0.211673    0.0205926    0.0161568   0.00352570
   0.00449368
      0.17607068     0.254008    0.0281257    0.0135995   0.00296766
   0.00613754
      0.17607068     0.296342    0.0288313    0.0153296   0.00334520
   0.00629151
      0.17607068     0.338677    0.0328094    0.0133525   0.00291376
   0.00715960
      0.17607068     0.381011    0.0220008    0.0175054   0.00381998
   0.00480096
      0.17607068     0.423346    0.0218496    0.0141103   0.00307911
   0.00476798
      0.18372593    0.0423346    0.0227080    0.0152663   0.00333137
   0.00495529
      0.18372593    0.0846692    0.0249396    0.0196127   0.00427983
   0.00544226
      0.18372593     0.127004    0.0232572    0.0222301   0.00485100
   0.00507514
      0.18372593     0.169338    0.0169853    0.0175790   0.00383605
   0.00370649
      0.18372593     0.211673    0.0271668    0.0157501   0.00343694
   0.00592829
      0.18372593     0.254008    0.0250264    0.0179321   0.00391311
   0.00546122
      0.18372593     0.296342    0.0266664    0.0149857   0.00327016
   0.00581909
      0.18372593     0.338677    0.0344880    0.0128607   0.00280644
   0.00752591
      0.18372593     0.381011    0.0289125    0.0188483   0.00411303
   0.00630923
      0.18372593     0.423346    0.0219568    0.0146810   0.00320366
   0.00479136
      0.19138118    0.0423346    0.0316973    0.0172274   0.00375932
   0.00691692
      0.19138118    0.0846692    0.0247260    0.0226529   0.00494327
   0.00539565
      0.19138118     0.127004    0.0288663    0.0173063   0.00377653
   0.00629914
      0.19138118     0.169338    0.0285635    0.0153887   0.00335810
   0.00623306
      0.19138118     0.211673    0.0247057    0.0172323   0.00376039
   0.00539123
      0.19138118     0.254008    0.0325872    0.0227937   0.00497400
   0.00711111
      0.19138118     0.296342    0.0331205    0.0159476   0.00348004
   0.00722748
      0.19138118     0.338677    0.0370608    0.0143443   0.00313019
   0.00808733
      0.19138118     0.381011    0.0407950    0.0204592   0.00446456
   0.00890220
      0.19138118     0.423346    0.0241042    0.0159680   0.00348449
   0.00525998
      0.19903642    0.0423346    0.0482374    0.0200516   0.00437561
    0.0105263
      0.19903642    0.0846692    0.0335574    0.0277423   0.00605386
   0.00732283
      0.19903642     0.127004    0.0320277    0.0187152   0.00408400
   0.00698902
      0.19903642     0.169338    0.0385482    0.0150772   0.00329011
   0.00841190
      0.19903642     0.211673    0.0234002    0.0229191   0.00500135
   0.00510635
      0.19903642     0.254008    0.0366432    0.0242303   0.00528748
   0.00799620
      0.19903642     0.296342    0.0394552    0.0173778   0.00379214
   0.00860984
      0.19903642     0.338677    0.0432661    0.0190712   0.00416167
   0.00944143
      0.19903642     0.381011    0.0509213    0.0223815   0.00488405
    0.0111119
      0.19903642     0.423346    0.0249538    0.0206837   0.00451355
   0.00544538
