# kperp 	kpar 		P 		P_{err}
4.5900e-02	4.7400e-02	6.3667e+08	5.1984e+08
9.1800e-02	4.7400e-02	1.3578e+08	1.1086e+08
1.3770e-01	4.7400e-02	7.9945e+07	6.5274e+07
1.8360e-01	4.7400e-02	4.7513e+07	3.8794e+07
2.2950e-01	4.7400e-02	3.1705e+07	2.5887e+07
2.7540e-01	4.7400e-02	2.3410e+07	1.9114e+07
3.2130e-01	4.7400e-02	2.0406e+07	1.6662e+07
3.6720e-01	4.7400e-02	1.6182e+07	1.3213e+07
4.1310e-01	4.7400e-02	1.6768e+07	1.3691e+07
4.5900e-01	4.7400e-02	1.2418e+07	1.0140e+07
4.5900e-02	5.4960e-02	6.2888e+07	4.4468e+07
9.1800e-02	5.4960e-02	1.0959e+07	7.7492e+06
1.3770e-01	5.4960e-02	3.4352e+06	2.4291e+06
1.8360e-01	5.4960e-02	4.6915e+06	3.3174e+06
2.2950e-01	5.4960e-02	4.3545e+06	3.0791e+06
2.7540e-01	5.4960e-02	1.3777e+06	9.7416e+05
3.2130e-01	5.4960e-02	1.7192e+06	1.2156e+06
3.6720e-01	5.4960e-02	1.8994e+06	1.3431e+06
4.1310e-01	5.4960e-02	1.2031e+06	8.5069e+05
4.5900e-01	5.4960e-02	1.4849e+06	1.0499e+06
4.5900e-02	6.2520e-02	1.8406e+08	1.1641e+08
9.1800e-02	6.2520e-02	5.8980e+07	3.7302e+07
1.3770e-01	6.2520e-02	2.1845e+07	1.3816e+07
1.8360e-01	6.2520e-02	1.4350e+07	9.0755e+06
2.2950e-01	6.2520e-02	1.0385e+07	6.5682e+06
2.7540e-01	6.2520e-02	8.6608e+06	5.4776e+06
3.2130e-01	6.2520e-02	7.2812e+06	4.6051e+06
3.6720e-01	6.2520e-02	3.7464e+06	2.3695e+06
4.1310e-01	6.2520e-02	4.1198e+06	2.6056e+06
4.5900e-01	6.2520e-02	4.4731e+06	2.8290e+06
4.5900e-02	7.0080e-02	2.4264e+08	1.4009e+08
9.1800e-02	7.0080e-02	5.6849e+07	3.2822e+07
1.3770e-01	7.0080e-02	2.5895e+07	1.4950e+07
1.8360e-01	7.0080e-02	1.2258e+07	7.0773e+06
2.2950e-01	7.0080e-02	1.0280e+07	5.9352e+06
2.7540e-01	7.0080e-02	1.0211e+07	5.8955e+06
3.2130e-01	7.0080e-02	7.0648e+06	4.0789e+06
3.6720e-01	7.0080e-02	5.8801e+06	3.3949e+06
4.1310e-01	7.0080e-02	7.2912e+06	4.2096e+06
4.5900e-01	7.0080e-02	5.8021e+06	3.3499e+06
4.5900e-02	7.7640e-02	3.8446e+07	2.7186e+07
9.1800e-02	7.7640e-02	1.5047e+07	1.0640e+07
1.3770e-01	7.7640e-02	3.3135e+06	2.3430e+06
1.8360e-01	7.7640e-02	4.2438e+06	3.0008e+06
2.2950e-01	7.7640e-02	1.6496e+06	1.1664e+06
2.7540e-01	7.7640e-02	1.2577e+06	8.8933e+05
3.2130e-01	7.7640e-02	1.9069e+06	1.3484e+06
3.6720e-01	7.7640e-02	1.2234e+06	8.6505e+05
4.1310e-01	7.7640e-02	6.4162e+05	4.5369e+05
4.5900e-01	7.7640e-02	6.3918e+05	4.5197e+05
4.5900e-02	8.5200e-02	6.3965e+07	3.0153e+07
9.1800e-02	8.5200e-02	1.9627e+07	9.2523e+06
1.3770e-01	8.5200e-02	9.6640e+06	4.5556e+06
1.8360e-01	8.5200e-02	3.8757e+06	1.8270e+06
2.2950e-01	8.5200e-02	3.1269e+06	1.4740e+06
2.7540e-01	8.5200e-02	3.0553e+06	1.4403e+06
3.2130e-01	8.5200e-02	2.2037e+06	1.0388e+06
3.6720e-01	8.5200e-02	2.3104e+06	1.0891e+06
4.1310e-01	8.5200e-02	2.1888e+06	1.0318e+06
4.5900e-01	8.5200e-02	1.8992e+06	8.9530e+05
4.5900e-02	9.2760e-02	8.4895e+07	4.2448e+07
9.1800e-02	9.2760e-02	3.1426e+07	1.5713e+07
1.3770e-01	9.2760e-02	1.0213e+07	5.1064e+06
1.8360e-01	9.2760e-02	5.5578e+06	2.7789e+06
2.2950e-01	9.2760e-02	5.0494e+06	2.5247e+06
2.7540e-01	9.2760e-02	3.2163e+06	1.6082e+06
3.2130e-01	9.2760e-02	2.9522e+06	1.4761e+06
3.6720e-01	9.2760e-02	2.5734e+06	1.2867e+06
4.1310e-01	9.2760e-02	2.1052e+06	1.0526e+06
4.5900e-01	9.2760e-02	1.9427e+06	9.7137e+05
4.5900e-02	1.0032e-01	2.5604e+07	1.6193e+07
9.1800e-02	1.0032e-01	6.0263e+06	3.8114e+06
1.3770e-01	1.0032e-01	3.0625e+06	1.9369e+06
1.8360e-01	1.0032e-01	1.3605e+06	8.6043e+05
2.2950e-01	1.0032e-01	1.5655e+06	9.9012e+05
2.7540e-01	1.0032e-01	1.1677e+06	7.3850e+05
3.2130e-01	1.0032e-01	6.6090e+05	4.1799e+05
3.6720e-01	1.0032e-01	9.2832e+05	5.8712e+05
4.1310e-01	1.0032e-01	7.9333e+05	5.0175e+05
4.5900e-01	1.0032e-01	4.8171e+05	3.0466e+05
4.5900e-02	1.0788e-01	3.5065e+07	1.4315e+07
9.1800e-02	1.0788e-01	1.0854e+07	4.4310e+06
1.3770e-01	1.0788e-01	4.4463e+06	1.8152e+06
1.8360e-01	1.0788e-01	2.7107e+06	1.1066e+06
2.2950e-01	1.0788e-01	1.3947e+06	5.6939e+05
2.7540e-01	1.0788e-01	1.4536e+06	5.9344e+05
3.2130e-01	1.0788e-01	1.2055e+06	4.9215e+05
3.6720e-01	1.0788e-01	1.1730e+06	4.7890e+05
4.1310e-01	1.0788e-01	1.0479e+06	4.2781e+05
4.5900e-01	1.0788e-01	7.6264e+05	3.1135e+05
4.5900e-02	1.1544e-01	1.5910e+07	7.5002e+06
9.1800e-02	1.1544e-01	4.8365e+06	2.2799e+06
1.3770e-01	1.1544e-01	1.6320e+06	7.6932e+05
1.8360e-01	1.1544e-01	1.0124e+06	4.7724e+05
2.2950e-01	1.1544e-01	3.6173e+05	1.7052e+05
2.7540e-01	1.1544e-01	3.9237e+05	1.8496e+05
3.2130e-01	1.1544e-01	8.0273e+05	3.7841e+05
3.6720e-01	1.1544e-01	5.2511e+05	2.4754e+05
4.1310e-01	1.1544e-01	2.7662e+05	1.3040e+05
4.5900e-01	1.1544e-01	3.3539e+05	1.5811e+05
4.5900e-02	1.2300e-01	1.9785e+07	8.8482e+06
9.1800e-02	1.2300e-01	3.7686e+06	1.6854e+06
1.3770e-01	1.2300e-01	1.9250e+06	8.6087e+05
1.8360e-01	1.2300e-01	9.4581e+05	4.2298e+05
2.2950e-01	1.2300e-01	8.5209e+05	3.8107e+05
2.7540e-01	1.2300e-01	7.2383e+05	3.2371e+05
3.2130e-01	1.2300e-01	5.3341e+05	2.3855e+05
3.6720e-01	1.2300e-01	3.9312e+05	1.7581e+05
4.1310e-01	1.2300e-01	4.5812e+05	2.0488e+05
4.5900e-01	1.2300e-01	3.8826e+05	1.7364e+05
4.5900e-02	1.3056e-01	1.6595e+07	7.0760e+06
9.1800e-02	1.3056e-01	4.8626e+06	2.0734e+06
1.3770e-01	1.3056e-01	1.7392e+06	7.4159e+05
1.8360e-01	1.3056e-01	1.0679e+06	4.5535e+05
2.2950e-01	1.3056e-01	6.5014e+05	2.7722e+05
2.7540e-01	1.3056e-01	6.5137e+05	2.7775e+05
3.2130e-01	1.3056e-01	8.9866e+05	3.8319e+05
3.6720e-01	1.3056e-01	6.3731e+05	2.7175e+05
4.1310e-01	1.3056e-01	4.6645e+05	1.9889e+05
4.5900e-01	1.3056e-01	3.7101e+05	1.5820e+05
4.5900e-02	1.3812e-01	1.2396e+07	5.5436e+06
9.1800e-02	1.3812e-01	2.7983e+06	1.2514e+06
1.3770e-01	1.3812e-01	1.7014e+06	7.6088e+05
1.8360e-01	1.3812e-01	8.5993e+05	3.8457e+05
2.2950e-01	1.3812e-01	4.9009e+05	2.1917e+05
2.7540e-01	1.3812e-01	2.8890e+05	1.2920e+05
3.2130e-01	1.3812e-01	4.3653e+05	1.9522e+05
3.6720e-01	1.3812e-01	4.9563e+05	2.2165e+05
4.1310e-01	1.3812e-01	4.3176e+05	1.9309e+05
4.5900e-01	1.3812e-01	2.4332e+05	1.0881e+05
4.5900e-02	1.4568e-01	1.1576e+07	4.9358e+06
9.1800e-02	1.4568e-01	2.1294e+06	9.0799e+05
1.3770e-01	1.4568e-01	2.0457e+06	8.7229e+05
1.8360e-01	1.4568e-01	7.4290e+05	3.1677e+05
2.2950e-01	1.4568e-01	5.0878e+05	2.1694e+05
2.7540e-01	1.4568e-01	2.2940e+05	9.7817e+04
3.2130e-01	1.4568e-01	6.0231e+05	2.5683e+05
3.6720e-01	1.4568e-01	2.3699e+05	1.0105e+05
4.1310e-01	1.4568e-01	3.5189e+05	1.5005e+05
4.5900e-01	1.4568e-01	1.7094e+05	7.2890e+04
4.5900e-02	1.5324e-01	1.0608e+07	4.0093e+06
9.1800e-02	1.5324e-01	2.2895e+06	8.6536e+05
1.3770e-01	1.5324e-01	1.8572e+06	7.0196e+05
1.8360e-01	1.5324e-01	6.0533e+05	2.2879e+05
2.2950e-01	1.5324e-01	4.0830e+05	1.5432e+05
2.7540e-01	1.5324e-01	3.3869e+05	1.2801e+05
3.2130e-01	1.5324e-01	5.1846e+05	1.9596e+05
3.6720e-01	1.5324e-01	2.8493e+05	1.0769e+05
4.1310e-01	1.5324e-01	4.0508e+05	1.5311e+05
4.5900e-01	1.5324e-01	1.3349e+05	5.0453e+04
4.5900e-02	1.6080e-01	9.9695e+06	4.0700e+06
9.1800e-02	1.6080e-01	1.7965e+06	7.3343e+05
1.3770e-01	1.6080e-01	9.6680e+05	3.9469e+05
1.8360e-01	1.6080e-01	8.0397e+05	3.2822e+05
2.2950e-01	1.6080e-01	5.2122e+05	2.1279e+05
2.7540e-01	1.6080e-01	2.9528e+05	1.2055e+05
3.2130e-01	1.6080e-01	3.1776e+05	1.2972e+05
3.6720e-01	1.6080e-01	2.9707e+05	1.2128e+05
4.1310e-01	1.6080e-01	3.8821e+05	1.5849e+05
4.5900e-01	1.6080e-01	1.4773e+05	6.0311e+04
4.5900e-02	1.6836e-01	5.6494e+06	2.2159e+06
9.1800e-02	1.6836e-01	1.4085e+06	5.5247e+05
1.3770e-01	1.6836e-01	7.7032e+05	3.0214e+05
1.8360e-01	1.6836e-01	3.9512e+05	1.5498e+05
2.2950e-01	1.6836e-01	2.4714e+05	9.6935e+04
2.7540e-01	1.6836e-01	2.7412e+05	1.0752e+05
3.2130e-01	1.6836e-01	2.3843e+05	9.3518e+04
3.6720e-01	1.6836e-01	1.6023e+05	6.2847e+04
4.1310e-01	1.6836e-01	2.8279e+05	1.1092e+05
4.5900e-01	1.6836e-01	1.1421e+05	4.4797e+04
4.5900e-02	1.7592e-01	7.5537e+06	2.5179e+06
9.1800e-02	1.7592e-01	2.0616e+06	6.8719e+05
1.3770e-01	1.7592e-01	1.7021e+06	5.6738e+05
1.8360e-01	1.7592e-01	7.1730e+05	2.3910e+05
2.2950e-01	1.7592e-01	4.3935e+05	1.4645e+05
2.7540e-01	1.7592e-01	3.6207e+05	1.2069e+05
3.2130e-01	1.7592e-01	3.5214e+05	1.1738e+05
3.6720e-01	1.7592e-01	3.1358e+05	1.0453e+05
4.1310e-01	1.7592e-01	2.6638e+05	8.8792e+04
4.5900e-01	1.7592e-01	2.2799e+05	7.5998e+04
4.5900e-02	1.8348e-01	6.3907e+06	2.5066e+06
9.1800e-02	1.8348e-01	1.3392e+06	5.2526e+05
1.3770e-01	1.8348e-01	1.1355e+06	4.4538e+05
1.8360e-01	1.8348e-01	5.8209e+05	2.2831e+05
2.2950e-01	1.8348e-01	2.6275e+05	1.0306e+05
2.7540e-01	1.8348e-01	2.5722e+05	1.0089e+05
3.2130e-01	1.8348e-01	3.0939e+05	1.2135e+05
3.6720e-01	1.8348e-01	2.0304e+05	7.9638e+04
4.1310e-01	1.8348e-01	2.3333e+05	9.1519e+04
4.5900e-01	1.8348e-01	1.5468e+05	6.0672e+04
4.5900e-02	1.9104e-01	2.9339e+06	9.7796e+05
9.1800e-02	1.9104e-01	1.0957e+06	3.6524e+05
1.3770e-01	1.9104e-01	7.4479e+05	2.4826e+05
1.8360e-01	1.9104e-01	3.3135e+05	1.1045e+05
2.2950e-01	1.9104e-01	2.8885e+05	9.6284e+04
2.7540e-01	1.9104e-01	1.3517e+05	4.5057e+04
3.2130e-01	1.9104e-01	1.9071e+05	6.3570e+04
3.6720e-01	1.9104e-01	1.1268e+05	3.7560e+04
4.1310e-01	1.9104e-01	1.9443e+05	6.4810e+04
4.5900e-01	1.9104e-01	1.2650e+05	4.2168e+04
4.5900e-02	1.9860e-01	3.4608e+06	1.1870e+06
9.1800e-02	1.9860e-01	1.0211e+06	3.5023e+05
1.3770e-01	1.9860e-01	9.2668e+05	3.1785e+05
1.8360e-01	1.9860e-01	5.2348e+05	1.7955e+05
2.2950e-01	1.9860e-01	2.8868e+05	9.9017e+04
2.7540e-01	1.9860e-01	2.2706e+05	7.7881e+04
3.2130e-01	1.9860e-01	2.9054e+05	9.9653e+04
3.6720e-01	1.9860e-01	1.6793e+05	5.7601e+04
4.1310e-01	1.9860e-01	1.9282e+05	6.6137e+04
4.5900e-01	1.9860e-01	1.7914e+05	6.1445e+04
4.5900e-02	2.0616e-01	1.5491e+06	5.8552e+05
9.1800e-02	2.0616e-01	4.3548e+05	1.6459e+05
1.3770e-01	2.0616e-01	6.0090e+05	2.2712e+05
1.8360e-01	2.0616e-01	2.3786e+05	8.9901e+04
2.2950e-01	2.0616e-01	1.2698e+05	4.7994e+04
2.7540e-01	2.0616e-01	1.5285e+05	5.7773e+04
3.2130e-01	2.0616e-01	1.1379e+05	4.3008e+04
3.6720e-01	2.0616e-01	8.3661e+04	3.1621e+04
4.1310e-01	2.0616e-01	7.6748e+04	2.9008e+04
4.5900e-01	2.0616e-01	6.7922e+04	2.5672e+04
4.5900e-02	2.1372e-01	3.4732e+06	1.0719e+06
9.1800e-02	2.1372e-01	9.7267e+05	3.0017e+05
1.3770e-01	2.1372e-01	7.9671e+05	2.4587e+05
1.8360e-01	2.1372e-01	5.3603e+05	1.6542e+05
2.2950e-01	2.1372e-01	3.1676e+05	9.7754e+04
2.7540e-01	2.1372e-01	1.8442e+05	5.6913e+04
3.2130e-01	2.1372e-01	2.1637e+05	6.6772e+04
3.6720e-01	2.1372e-01	1.2368e+05	3.8170e+04
4.1310e-01	2.1372e-01	1.2940e+05	3.9933e+04
4.5900e-01	2.1372e-01	1.3024e+05	4.0192e+04
4.5900e-02	2.2128e-01	2.7195e+06	8.5999e+05
9.1800e-02	2.2128e-01	5.6975e+05	1.8017e+05
1.3770e-01	2.2128e-01	4.8588e+05	1.5365e+05
1.8360e-01	2.2128e-01	3.0780e+05	9.7334e+04
2.2950e-01	2.2128e-01	2.1127e+05	6.6809e+04
2.7540e-01	2.2128e-01	1.2703e+05	4.0171e+04
3.2130e-01	2.2128e-01	1.8325e+05	5.7949e+04
3.6720e-01	2.2128e-01	8.8216e+04	2.7896e+04
4.1310e-01	2.2128e-01	1.5754e+05	4.9818e+04
4.5900e-01	2.2128e-01	1.0192e+05	3.2231e+04
4.5900e-02	2.2884e-01	1.2993e+06	4.4567e+05
9.1800e-02	2.2884e-01	4.0272e+05	1.3813e+05
1.3770e-01	2.2884e-01	2.9102e+05	9.9819e+04
1.8360e-01	2.2884e-01	2.1438e+05	7.3533e+04
2.2950e-01	2.2884e-01	1.2372e+05	4.2437e+04
2.7540e-01	2.2884e-01	1.0780e+05	3.6975e+04
3.2130e-01	2.2884e-01	8.9727e+04	3.0776e+04
3.6720e-01	2.2884e-01	7.9335e+04	2.7212e+04
4.1310e-01	2.2884e-01	9.8613e+04	3.3824e+04
4.5900e-01	2.2884e-01	8.3612e+04	2.8679e+04
