k_par k_perp ps_2d err_sample_variance err_thermal_noise
0.06985973156544303 0.051028 1.161701643810635e-05 0.00030842532781938777 0.0
0.06985973156544303 0.058283999999999996 6.98268502658318e-06 0.0002567209069848041 0.0
0.06985973156544303 0.06554 7.147448676050607e-06 0.00023301295069044425 0.0
0.06985973156544303 0.072796 7.3689131424214195e-06 0.00020201334971567677 0.0
0.06985973156544303 0.080052 6.068493919600621e-06 0.00018359265119631733 0.0
0.06985973156544303 0.087308 8.630095702627911e-06 0.00017707965393497232 0.0
0.06985973156544303 0.09456400000000001 6.441163365097111e-06 0.00017539139282585068 0.0
0.06985973156544303 0.10182 6.615171627758088e-06 0.0001679757174714217 0.0
0.06985973156544303 0.109076 5.2580488737705095e-06 0.00014728439120908766 0.0
0.06985973156544303 0.11633199999999999 4.265880675234844e-06 0.0001311124366070121 0.0
0.06985973156544303 0.123588 5.221847721460356e-06 0.00015875444075670519 0.0
0.06985973156544303 0.13084400000000002 5.4443180804131455e-06 0.0001331401915972054 0.0
0.06985973156544303 0.1381 6.090590457398131e-06 0.00010229439332078652 0.0
0.06985973156544303 0.145356 5.433499932773741e-06 9.86270412531411e-05 0.0
0.06985973156544303 0.152612 4.265633915326393e-06 9.426135791425315e-05 0.0
0.06985973156544303 0.159868 4.9584304184263725e-06 6.616282234227593e-05 0.0
0.06985973156544303 0.167124 4.965595152570908e-06 4.3958543998945434e-05 0.0
0.06985973156544303 0.17438 5.4308323076628805e-06 3.3956081546550015e-05 0.0
0.06985973156544303 0.18163600000000002 5.627667497423389e-06 3.11643041950142e-05 0.0
0.06985973156544303 0.188892 5.525930780449134e-06 2.9963006200015037e-05 0.0
0.06985973156544303 0.196148 5.711788178441617e-06 2.7908689741252467e-05 0.0
0.06985973156544303 0.203404 6.2951319379357175e-06 2.439532974196751e-05 0.0
0.06985973156544303 0.21066000000000001 6.599857462698152e-06 2.8617743659998416e-05 0.0
0.06985973156544303 0.217916 7.3858784067008525e-06 3.3908811457233765e-05 0.0
0.06985973156544303 0.225172 8.889723874442417e-06 3.8599017129127267e-05 0.0
0.11322094426123525 0.051028 0.00028214128640485157 0.000651989878037369 0.0
0.11322094426123525 0.058283999999999996 0.0001560800677668817 0.0005517888452841506 0.0
0.11322094426123525 0.06554 0.0001598087046182439 0.0006607264052926492 0.0
0.11322094426123525 0.072796 0.0001718592130523865 0.0005706521090087431 0.0
0.11322094426123525 0.080052 0.00012168325674342946 0.0004845231801400768 0.0
0.11322094426123525 0.087308 0.000199781111500243 0.0005179617625336396 0.0
0.11322094426123525 0.09456400000000001 0.0001474821873207105 0.0004764153071830097 0.0
0.11322094426123525 0.10182 0.00014810794576895086 0.00039845356163338867 0.0
0.11322094426123525 0.109076 0.00012080240128926215 0.0002865515734420041 0.0
0.11322094426123525 0.11633199999999999 9.546221834192762e-05 0.0002365922333457321 0.0
0.11322094426123525 0.123588 0.00011719820214349702 0.00034230908109546363 0.0
0.11322094426123525 0.13084400000000002 0.00012773206467189274 0.0002981160866616606 0.0
0.11322094426123525 0.1381 0.00013900179601653424 0.0002720887505878066 0.0
0.11322094426123525 0.145356 0.00012344307920609407 0.0002610682030946411 0.0
0.11322094426123525 0.152612 9.724073021959293e-05 0.00023068010828025188 0.0
0.11322094426123525 0.159868 0.00011888872521779656 0.0001861471497814399 0.0
0.11322094426123525 0.167124 0.00011702894271896731 0.0001621145774544033 0.0
0.11322094426123525 0.17438 0.000130747551447488 0.0001518573313381836 0.0
0.11322094426123525 0.18163600000000002 0.0001343331676874481 0.00013872936502958363 0.0
0.11322094426123525 0.188892 0.0001286245560869159 0.00014853924565749412 0.0
0.11322094426123525 0.196148 0.0001352496877737303 0.00016580650272290717 0.0
0.11322094426123525 0.203404 0.000148245819894631 0.00017176949170916823 0.0
0.11322094426123525 0.21066000000000001 0.0001602150132479727 0.0002111168191807837 0.0
0.11322094426123525 0.217916 0.00017864772305248256 0.0002440925576785971 0.0
0.11322094426123525 0.225172 0.00021195819353314754 0.0002713132468677802 0.0
0.15658215695702749 0.051028 0.01822457860955658 0.0007908279408457394 0.0
0.15658215695702749 0.058283999999999996 0.01084060196892162 0.0007364923504179379 0.0
0.15658215695702749 0.06554 0.012260741683674723 0.001174960648070422 0.0
0.15658215695702749 0.072796 0.012438973965468551 0.000844619876780049 0.0
0.15658215695702749 0.080052 0.009131071293992757 0.0006881049751883189 0.0
0.15658215695702749 0.087308 0.013995514031894196 0.0008265566739088115 0.0
0.15658215695702749 0.09456400000000001 0.01026394980563555 0.0007814690425243514 0.0
0.15658215695702749 0.10182 0.010581309760949382 0.0005584766519712456 0.0
0.15658215695702749 0.109076 0.008680212609671167 0.0004305913442840074 0.0
0.15658215695702749 0.11633199999999999 0.006264435820894539 0.0007224125611332609 0.0
0.15658215695702749 0.123588 0.008133753165678366 0.0005998701434262778 0.0
0.15658215695702749 0.13084400000000002 0.009004798671304055 0.0004376035406095307 0.0
0.15658215695702749 0.1381 0.00949178382894258 0.0005082962796413595 0.0
0.15658215695702749 0.145356 0.008347158442710372 0.00036488544933134455 0.0
0.15658215695702749 0.152612 0.006670006334787341 0.00042754058837727747 0.0
0.15658215695702749 0.159868 0.008236592685620115 0.00040839247023551734 0.0
0.15658215695702749 0.167124 0.008138490709221898 0.00040014076500500645 0.0
0.15658215695702749 0.17438 0.008984840360355779 0.00043618252534194585 0.0
0.15658215695702749 0.18163600000000002 0.009106492245310826 0.0004049572492263315 0.0
0.15658215695702749 0.188892 0.00896153239498951 0.000428876249095477 0.0
0.15658215695702749 0.196148 0.009540125636574822 0.0005313486528404496 0.0
0.15658215695702749 0.203404 0.01039595268667445 0.0006194036770071394 0.0
0.15658215695702749 0.21066000000000001 0.011319562625924857 0.0007687243782957221 0.0
0.15658215695702749 0.217916 0.013233843891350827 0.0008266063771575961 0.0
0.15658215695702749 0.225172 0.015763282574471127 0.0008545148291237742 0.0
0.1999433696528197 0.051028 0.119615753156844 0.007138381787083233 0.0
0.1999433696528197 0.058283999999999996 0.09450168857781226 0.0061408868895418064 0.0
0.1999433696528197 0.06554 0.1125621282112834 0.008815110583233327 0.0
0.1999433696528197 0.072796 0.08985190511739971 0.00727486899683896 0.0
0.1999433696528197 0.080052 0.07731897412151056 0.0060384493655985414 0.0
0.1999433696528197 0.087308 0.0847961622473256 0.0062516657197241214 0.0
0.1999433696528197 0.09456400000000001 0.08565868977811307 0.005353516065716126 0.0
0.1999433696528197 0.10182 0.07233313081956404 0.004628090332185789 0.0
0.1999433696528197 0.109076 0.06776717832704071 0.003945171470175432 0.0
0.1999433696528197 0.11633199999999999 0.056311035445768036 0.0039228107737154525 0.0
0.1999433696528197 0.123588 0.06684410858161383 0.00496334133451655 0.0
0.1999433696528197 0.13084400000000002 0.055061398140300956 0.003767974762864516 0.0
0.1999433696528197 0.1381 0.05422804180136353 0.003163100955385014 0.0
0.1999433696528197 0.145356 0.04520953738262411 0.0024752384934083444 0.0
0.1999433696528197 0.152612 0.043443318418571616 0.0021077374998058293 0.0
0.1999433696528197 0.159868 0.04230485789866353 0.0015077043044999575 0.0
0.1999433696528197 0.167124 0.03587828849733914 0.0012906797980598312 0.0
0.1999433696528197 0.17438 0.0344056387608188 0.0009635675946658616 0.0
0.1999433696528197 0.18163600000000002 0.03311403186781618 0.0009405862312234063 0.0
0.1999433696528197 0.188892 0.032955684657226744 0.0010407200841150582 0.0
0.1999433696528197 0.196148 0.034191572525586 0.0012478419047611273 0.0
0.1999433696528197 0.203404 0.035748174072572914 0.0014876067905042548 0.0
0.1999433696528197 0.21066000000000001 0.03926165331879165 0.001995238149397405 0.0
0.1999433696528197 0.217916 0.04350005180717301 0.0020553076222796824 0.0
0.1999433696528197 0.225172 0.04884714650738378 0.0020320826755810127 0.0
0.24330458234861194 0.051028 0.13102003142712873 0.013266955588227073 0.0
0.24330458234861194 0.058283999999999996 0.06999775592066243 0.0062182275020131504 0.0
0.24330458234861194 0.06554 0.07251751383747095 0.005243868682704479 0.0
0.24330458234861194 0.072796 0.07868102275410092 0.004825159012590939 0.0
0.24330458234861194 0.080052 0.054481918700771945 0.004780752506388957 0.0
0.24330458234861194 0.087308 0.07637514235092542 0.006042911475945709 0.0
0.24330458234861194 0.09456400000000001 0.0474809100520004 0.003118268505973566 0.0
0.24330458234861194 0.10182 0.057145676249294314 0.004288791513276478 0.0
0.24330458234861194 0.109076 0.060924628969747284 0.005160756108910409 0.0
0.24330458234861194 0.11633199999999999 0.05164344170148708 0.004638714334708686 0.0
0.24330458234861194 0.123588 0.049399113851591736 0.004438568431575819 0.0
0.24330458234861194 0.13084400000000002 0.03671785929758039 0.0030365887886335562 0.0
0.24330458234861194 0.1381 0.024050229671484166 0.0014492758399626906 0.0
0.24330458234861194 0.145356 0.021934319351895177 0.0011659564925562548 0.0
0.24330458234861194 0.152612 0.024430483075326262 0.0014510656503664131 0.0
0.24330458234861194 0.159868 0.02057851914224217 0.0013121470770163673 0.0
0.24330458234861194 0.167124 0.015475657102410686 0.001020910413496854 0.0
0.24330458234861194 0.17438 0.014284384387862527 0.0010406630416239398 0.0
0.24330458234861194 0.18163600000000002 0.01375142063254373 0.00108358075868394 0.0
0.24330458234861194 0.188892 0.0135605568190591 0.001055504401462766 0.0
0.24330458234861194 0.196148 0.013105727216781004 0.0012135990402858776 0.0
0.24330458234861194 0.203404 0.012915240172762691 0.0013403572738583136 0.0
0.24330458234861194 0.21066000000000001 0.013234231938827494 0.0015092727115569617 0.0
0.24330458234861194 0.217916 0.014800072133930602 0.00176984004368958 0.0
0.24330458234861194 0.225172 0.014541017299133192 0.0019062169190095124 0.0
0.28666579504440415 0.051028 0.08453020985000122 0.0041102692846014905 0.0
0.28666579504440415 0.058283999999999996 0.05982408528558303 0.0017804159707040608 0.0
0.28666579504440415 0.06554 0.052434667328903777 0.0020493283098549264 0.0
0.28666579504440415 0.072796 0.06334626114417885 0.0033772075343925473 0.0
0.28666579504440415 0.080052 0.05231405607660493 0.0025212448229622523 0.0
0.28666579504440415 0.087308 0.05729024780474469 0.0032974409914772003 0.0
0.28666579504440415 0.09456400000000001 0.046288402078067746 0.0020527033246588453 0.0
0.28666579504440415 0.10182 0.05351925519501515 0.002948256575611428 0.0
0.28666579504440415 0.109076 0.053879989675202695 0.0031620773696935927 0.0
0.28666579504440415 0.11633199999999999 0.042476333376233764 0.0026941893745103225 0.0
0.28666579504440415 0.123588 0.048759286208254 0.002873818387157104 0.0
0.28666579504440415 0.13084400000000002 0.03979670661284805 0.002172477276633485 0.0
0.28666579504440415 0.1381 0.03713394110513513 0.002315419598583619 0.0
0.28666579504440415 0.145356 0.036530575726182166 0.002231021708041021 0.0
0.28666579504440415 0.152612 0.03382735079042177 0.0023141349768794057 0.0
0.28666579504440415 0.159868 0.024250130565528525 0.0011054267096129468 0.0
0.28666579504440415 0.167124 0.02364639952704152 0.0009542805391776037 0.0
0.28666579504440415 0.17438 0.020339851639024707 0.0006294305036398639 0.0
0.28666579504440415 0.18163600000000002 0.020214120515667133 0.000541056838197111 0.0
0.28666579504440415 0.188892 0.021369717794080607 0.0006188168275061106 0.0
0.28666579504440415 0.196148 0.019898141262061016 0.00073040587573423 0.0
0.28666579504440415 0.203404 0.021281307754672758 0.0010415361328658436 0.0
0.28666579504440415 0.21066000000000001 0.018509762042568902 0.0007911389568129648 0.0
0.28666579504440415 0.217916 0.019732727056489242 0.0006706485974947891 0.0
0.28666579504440415 0.225172 0.024499744022565533 0.0010190721806191036 0.0
0.33002700774019633 0.051028 0.06501016679157368 0.003628474523588966 0.0
0.33002700774019633 0.058283999999999996 0.06305406905948835 0.005000339473948534 0.0
0.33002700774019633 0.06554 0.0577558293258791 0.004195245576796096 0.0
0.33002700774019633 0.072796 0.055779135856336336 0.003293950231726043 0.0
0.33002700774019633 0.080052 0.04398496621799791 0.0027928166825774156 0.0
0.33002700774019633 0.087308 0.06482390343095625 0.004273953594253417 0.0
0.33002700774019633 0.09456400000000001 0.04281387086694598 0.0023230102907036143 0.0
0.33002700774019633 0.10182 0.04195229229151553 0.002014053258602407 0.0
0.33002700774019633 0.109076 0.05068841917750618 0.0031779861217318445 0.0
0.33002700774019633 0.11633199999999999 0.03896876843536965 0.0024845218814921423 0.0
0.33002700774019633 0.123588 0.03874666667811947 0.0023611916350164868 0.0
0.33002700774019633 0.13084400000000002 0.036498234944352254 0.0027416228139387866 0.0
0.33002700774019633 0.1381 0.02766146486686811 0.001695003400219662 0.0
0.33002700774019633 0.145356 0.02333663529403639 0.0014114841947609157 0.0
0.33002700774019633 0.152612 0.02212831325357744 0.0013258520033878473 0.0
0.33002700774019633 0.159868 0.017876342830333892 0.0009218253810701274 0.0
0.33002700774019633 0.167124 0.013038713885210294 0.0005107213102901438 0.0
0.33002700774019633 0.17438 0.011501880998873244 0.0004533680800412656 0.0
0.33002700774019633 0.18163600000000002 0.00934894787841384 0.00040137777770662974 0.0
0.33002700774019633 0.188892 0.010965694195274763 0.0005596563523355931 0.0
0.33002700774019633 0.196148 0.008986028619166357 0.00048781587038109603 0.0
0.33002700774019633 0.203404 0.007731688595483053 0.00033711777071931536 0.0
0.33002700774019633 0.21066000000000001 0.008276443225947217 0.00036886268431589 0.0
0.33002700774019633 0.217916 0.006852048882108305 0.0003563976327116721 0.0
0.33002700774019633 0.225172 0.006887780107826679 0.000386095759061315 0.0
0.3733882204359886 0.051028 0.08364439529339013 0.007441673768401255 0.0
0.3733882204359886 0.058283999999999996 0.05881202787346011 0.004769653678858148 0.0
0.3733882204359886 0.06554 0.049520388157528746 0.0031698209988811465 0.0
0.3733882204359886 0.072796 0.061085838956556754 0.004181652567817477 0.0
0.3733882204359886 0.080052 0.0487439017429048 0.0037036600899623237 0.0
0.3733882204359886 0.087308 0.048047243828249465 0.0031588181860350306 0.0
0.3733882204359886 0.09456400000000001 0.04019697864832629 0.001858017835989355 0.0
0.3733882204359886 0.10182 0.039432666058168316 0.002151706384027019 0.0
0.3733882204359886 0.109076 0.04160622256970366 0.0022417578852796977 0.0
0.3733882204359886 0.11633199999999999 0.03890865053294679 0.0018414824836279712 0.0
0.3733882204359886 0.123588 0.042858280215586825 0.0025294887530951464 0.0
0.3733882204359886 0.13084400000000002 0.0349156088525353 0.00232238328101714 0.0
0.3733882204359886 0.1381 0.03137070148117239 0.0018455904491904214 0.0
0.3733882204359886 0.145356 0.0220182499229941 0.0010889068285353928 0.0
0.3733882204359886 0.152612 0.019566132510787676 0.0006289427848937878 0.0
0.3733882204359886 0.159868 0.017529741632822126 0.0008953576725828969 0.0
0.3733882204359886 0.167124 0.017845946971801856 0.0009972588758561862 0.0
0.3733882204359886 0.17438 0.013282917491258915 0.0005953111796150142 0.0
0.3733882204359886 0.18163600000000002 0.012685867385573157 0.000401393772215427 0.0
0.3733882204359886 0.188892 0.011944961209593671 0.00034696116629583454 0.0
0.3733882204359886 0.196148 0.009381957453013456 0.00021544768235692808 0.0
0.3733882204359886 0.203404 0.009219667665828742 0.00026711560080703645 0.0
0.3733882204359886 0.21066000000000001 0.009244775625526608 0.0002918921281788841 0.0
0.3733882204359886 0.217916 0.007047020181953362 0.00019082579487537525 0.0
0.3733882204359886 0.225172 0.007646728124608281 0.0001810727657593233 0.0
0.4167494331317808 0.051028 0.04999341258965663 0.00292957725061766 0.0
0.4167494331317808 0.058283999999999996 0.04246423027471424 0.0032521241044455155 0.0
0.4167494331317808 0.06554 0.048553913378883304 0.0028970818434766745 0.0
0.4167494331317808 0.072796 0.042280766186724376 0.002229398385190185 0.0
0.4167494331317808 0.080052 0.03995380536576647 0.002188780216482018 0.0
0.4167494331317808 0.087308 0.03871443218292764 0.001601726299004798 0.0
0.4167494331317808 0.09456400000000001 0.030393389500068837 0.001640208860698467 0.0
0.4167494331317808 0.10182 0.03821096646574609 0.0026267848616261637 0.0
0.4167494331317808 0.109076 0.048371970277596675 0.004329388227098091 0.0
0.4167494331317808 0.11633199999999999 0.03887383976828089 0.0030433833525565506 0.0
0.4167494331317808 0.123588 0.03880171508193799 0.002556663726013234 0.0
0.4167494331317808 0.13084400000000002 0.025730414304934574 0.0013540706074455639 0.0
0.4167494331317808 0.1381 0.019232708511755285 0.0008610668615236594 0.0
0.4167494331317808 0.145356 0.015534139055773121 0.0005364058458046599 0.0
0.4167494331317808 0.152612 0.015149799797734688 0.000868167493309584 0.0
0.4167494331317808 0.159868 0.01699002721953068 0.0013309669150522103 0.0
0.4167494331317808 0.167124 0.015171163993725737 0.0008834422364156677 0.0
0.4167494331317808 0.17438 0.009924265539589182 0.0005199629560091382 0.0
0.4167494331317808 0.18163600000000002 0.009552399190682098 0.0006189505325747029 0.0
0.4167494331317808 0.188892 0.010694404719258798 0.0005887866328810064 0.0
0.4167494331317808 0.196148 0.0077367239993263795 0.0004329251891141013 0.0
0.4167494331317808 0.203404 0.006099759817832423 0.00034024352604882267 0.0
0.4167494331317808 0.21066000000000001 0.0050882122045656725 0.00026090403248584665 0.0
0.4167494331317808 0.217916 0.004758817863230734 0.0002447373681951492 0.0
0.4167494331317808 0.225172 0.00443907875856893 0.00028103130773591314 0.0
0.46011064582757305 0.051028 0.0676333343235275 0.005477933395924038 0.0
0.46011064582757305 0.058283999999999996 0.060208083000791786 0.004203247230557857 0.0
0.46011064582757305 0.06554 0.05181424278928224 0.0034051601113458843 0.0
0.46011064582757305 0.072796 0.06519690968487482 0.005224156779819016 0.0
0.46011064582757305 0.080052 0.048807694623796596 0.0038961553206838056 0.0
0.46011064582757305 0.087308 0.05271305538183442 0.003815541010006057 0.0
0.46011064582757305 0.09456400000000001 0.03397509463762889 0.002761247241070305 0.0
0.46011064582757305 0.10182 0.037279394845453444 0.0023290429348055367 0.0
0.46011064582757305 0.109076 0.038130894967191076 0.0021129417967361845 0.0
0.46011064582757305 0.11633199999999999 0.038717604967696946 0.002636586070775171 0.0
0.46011064582757305 0.123588 0.041876395260762964 0.003290012995550139 0.0
0.46011064582757305 0.13084400000000002 0.028420895132290232 0.002019664554497789 0.0
0.46011064582757305 0.1381 0.029355395152332462 0.001999921165720322 0.0
0.46011064582757305 0.145356 0.02176142355637579 0.0015805173391034563 0.0
0.46011064582757305 0.152612 0.01898870904005076 0.0010568139622826312 0.0
0.46011064582757305 0.159868 0.015637161878828448 0.0006122709044286233 0.0
0.46011064582757305 0.167124 0.015423434238677902 0.0007362862141279553 0.0
0.46011064582757305 0.17438 0.0125999764604834 0.0005606274985889482 0.0
0.46011064582757305 0.18163600000000002 0.011453143132806442 0.00042817569576999553 0.0
0.46011064582757305 0.188892 0.012913932926299674 0.000490216134968457 0.0
0.46011064582757305 0.196148 0.01040873713015544 0.0003631994532934787 0.0
0.46011064582757305 0.203404 0.00993625294116692 0.00035119302214918594 0.0
0.46011064582757305 0.21066000000000001 0.008486009648931554 0.000278343323498396 0.0
0.46011064582757305 0.217916 0.008328111207874045 0.00032844899040959674 0.0
0.46011064582757305 0.225172 0.00840733037255772 0.0004296157988340938 0.0
