k_par k_perp ps_2d err_sample_variance err_thermal_noise
0.06985973156544303 0.051028 18889.425020448973 142203.95622178 0.0
0.06985973156544303 0.058283999999999996 22092.62540210984 85537.17592346358 0.0
0.06985973156544303 0.06554 10951.527772280813 83169.79022874802 0.0
0.06985973156544303 0.072796 7081.196973161513 53166.359927848345 0.0
0.06985973156544303 0.080052 9003.533352883116 31485.965094816653 0.0
0.06985973156544303 0.087308 5310.717350623028 28365.442566912003 0.0
0.06985973156544303 0.09456400000000001 5599.3010614439745 20345.10403868117 0.0
0.06985973156544303 0.10182 3485.223291384854 19610.073942272258 0.0
0.06985973156544303 0.109076 2693.9145161111774 16330.746651725647 0.0
0.06985973156544303 0.11633199999999999 1401.0977645085018 8502.099900985519 0.0
0.06985973156544303 0.123588 1485.2368684063565 8856.869156980229 0.0
0.06985973156544303 0.13084400000000002 1131.9815591438626 6650.911766844306 0.0
0.06985973156544303 0.1381 823.4658546348819 3603.67671884661 0.0
0.06985973156544303 0.145356 843.1953526739985 3411.6563581623645 0.0
0.06985973156544303 0.152612 611.6402408780203 2473.080122107816 0.0
0.06985973156544303 0.159868 607.2841126034953 2779.44629591613 0.0
0.06985973156544303 0.167124 511.06882834266514 1659.2624657578665 0.0
0.06985973156544303 0.17438 423.9554613275747 1337.3620072173185 0.0
0.06985973156544303 0.18163600000000002 319.64515305062747 1546.3343241126427 0.0
0.06985973156544303 0.188892 284.5647929876967 996.7686794530651 0.0
0.06985973156544303 0.196148 220.273322719177 1339.94603443915 0.0
0.06985973156544303 0.203404 135.90195600595345 690.5195214638208 0.0
0.06985973156544303 0.21066000000000001 100.88272813449429 428.35583878689164 0.0
0.06985973156544303 0.217916 106.76382037556401 575.0978534777884 0.0
0.06985973156544303 0.225172 88.13749965956708 405.13558906311624 0.0
0.11322094426123525 0.051028 4413.078527439168 36399.72900587033 0.0
0.11322094426123525 0.058283999999999996 5344.983218512447 21880.099829460036 0.0
0.11322094426123525 0.06554 2487.6888317620064 21268.596909833097 0.0
0.11322094426123525 0.072796 1521.1202196230786 13592.59338837653 0.0
0.11322094426123525 0.080052 1874.9167713627164 8043.158348344093 0.0
0.11322094426123525 0.087308 1038.0218015879107 7250.754468733065 0.0
0.11322094426123525 0.09456400000000001 1001.4538997203883 5196.010230514905 0.0
0.11322094426123525 0.10182 606.8242812815047 5004.559048627318 0.0
0.11322094426123525 0.109076 426.86410828318895 4173.733528128198 0.0
0.11322094426123525 0.11633199999999999 201.28868258792912 2171.173118572044 0.0
0.11322094426123525 0.123588 235.55822110536238 2259.3001298256463 0.0
0.11322094426123525 0.13084400000000002 171.48359898847468 1700.3013132175986 0.0
0.11322094426123525 0.1381 135.9934413482717 920.3045217681147 0.0
0.11322094426123525 0.145356 134.98351861356758 872.4621981729019 0.0
0.11322094426123525 0.152612 109.96458260206371 630.7657444821 0.0
0.11322094426123525 0.159868 89.05235313042115 709.6759604904552 0.0
0.11322094426123525 0.167124 79.59457149644486 421.2679760571267 0.0
0.11322094426123525 0.17438 66.9029921484883 341.5401921353074 0.0
0.11322094426123525 0.18163600000000002 56.11219990944097 394.4146628956415 0.0
0.11322094426123525 0.188892 59.27066184868291 254.16164736435078 0.0
0.11322094426123525 0.196148 44.66064499347646 344.31173674145833 0.0
0.11322094426123525 0.203404 38.166007581965516 176.02359123563386 0.0
0.11322094426123525 0.21066000000000001 35.50718494133443 109.84775499106168 0.0
0.11322094426123525 0.217916 37.4883236321809 149.7949862414058 0.0
0.11322094426123525 0.225172 33.55346263268696 103.7251405550001 0.0
0.15658215695702749 0.051028 2013.0763784743046 100.25986443338347 0.0
0.15658215695702749 0.058283999999999996 2449.417733584796 104.32808185337612 0.0
0.15658215695702749 0.06554 1130.163401555249 67.08845232163546 0.0
0.15658215695702749 0.072796 692.1161493841925 35.30811545766511 0.0
0.15658215695702749 0.080052 843.5033678586339 59.80933239787059 0.0
0.15658215695702749 0.087308 465.56714507599787 24.60055602847889 0.0
0.15658215695702749 0.09456400000000001 444.92898230431626 22.768386540397287 0.0
0.15658215695702749 0.10182 267.4761605643206 16.02169281901795 0.0
0.15658215695702749 0.109076 184.457577962655 14.503792334988578 0.0
0.15658215695702749 0.11633199999999999 84.95252854347221 4.49954098714965 0.0
0.15658215695702749 0.123588 97.78633788796142 4.937884088929864 0.0
0.15658215695702749 0.13084400000000002 64.61424282969944 3.8130084861466957 0.0
0.15658215695702749 0.1381 48.83485693941767 2.3551054181840714 0.0
0.15658215695702749 0.145356 47.12606156489439 1.9371623201786388 0.0
0.15658215695702749 0.152612 31.279869413340162 1.818228374721224 0.0
0.15658215695702749 0.159868 23.554996165116066 1.1781232714602659 0.0
0.15658215695702749 0.167124 18.45377075130486 1.2795531754061618 0.0
0.15658215695702749 0.17438 15.619906645933733 1.2653170109520702 0.0
0.15658215695702749 0.18163600000000002 9.558893777807794 1.3370868195130134 0.0
0.15658215695702749 0.188892 9.30258555254306 0.982320047866427 0.0
0.15658215695702749 0.196148 7.596448390203565 0.7463832018236504 0.0
0.15658215695702749 0.203404 6.586544655209621 0.4649152242544632 0.0
0.15658215695702749 0.21066000000000001 5.728148723566824 0.4949300974199526 0.0
0.15658215695702749 0.217916 5.833324808532961 0.6507463946392203 0.0
0.15658215695702749 0.225172 5.796701487378628 0.5714601949760761 0.0
0.1999433696528197 0.051028 1191.3149074043486 9981.057322281878 0.0
0.1999433696528197 0.058283999999999996 1450.2851043618723 5999.780280708959 0.0
0.1999433696528197 0.06554 668.5203399097272 5830.570204769766 0.0
0.1999433696528197 0.072796 408.8769403348449 3725.2067152271547 0.0
0.1999433696528197 0.080052 499.07393384910955 2206.4957387270065 0.0
0.1999433696528197 0.087308 273.4927116428978 1984.7796220159616 0.0
0.1999433696528197 0.09456400000000001 260.6129531469383 1423.4287849342506 0.0
0.1999433696528197 0.10182 156.49468572241574 1371.2399510532557 0.0
0.1999433696528197 0.109076 108.10411590087841 1142.5011682458169 0.0
0.1999433696528197 0.11633199999999999 49.67180601637748 594.0621461200627 0.0
0.1999433696528197 0.123588 56.473354883486245 618.8280165350452 0.0
0.1999433696528197 0.13084400000000002 37.086352970762285 465.9016570068118 0.0
0.1999433696528197 0.1381 27.90646395628322 251.63914345178165 0.0
0.1999433696528197 0.145356 26.35632850490167 238.51566581714363 0.0
0.1999433696528197 0.152612 16.95721882098141 172.49878499750383 0.0
0.1999433696528197 0.159868 12.830428639606644 193.67131377573543 0.0
0.1999433696528197 0.167124 9.832226977901422 115.34069199093092 0.0
0.1999433696528197 0.17438 8.11668332899323 93.55213999903053 0.0
0.1999433696528197 0.18163600000000002 4.355616711837892 107.45322340662948 0.0
0.1999433696528197 0.188892 4.135719241341324 69.55802691370566 0.0
0.1999433696528197 0.196148 3.133435529717208 93.76098032702967 0.0
0.1999433696528197 0.203404 2.378559828297162 48.060530873713844 0.0
0.1999433696528197 0.21066000000000001 2.0192218402678277 29.90042873951785 0.0
0.1999433696528197 0.217916 2.036330887575945 40.52790221709415 0.0
0.1999433696528197 0.225172 1.800095614693577 28.24517032576899 0.0
0.24330458234861194 0.051028 816.0651151993097 6844.349679939505 0.0
0.24330458234861194 0.058283999999999996 993.4049830508011 4114.023043298873 0.0
0.24330458234861194 0.06554 457.5942772304085 3998.5114023715655 0.0
0.24330458234861194 0.072796 279.78994806570375 2554.750063272126 0.0
0.24330458234861194 0.080052 341.73928498388835 1512.5585963516069 0.0
0.24330458234861194 0.087308 187.13222623077345 1361.754995284023 0.0
0.24330458234861194 0.09456400000000001 178.28807736553685 976.3276514533867 0.0
0.24330458234861194 0.10182 107.02652717856499 940.3851942701731 0.0
0.24330458234861194 0.109076 73.73039892454584 783.8672322438701 0.0
0.24330458234861194 0.11633199999999999 33.991081439877945 407.5185123624682 0.0
0.24330458234861194 0.123588 38.49777496822273 424.47948989922105 0.0
0.24330458234861194 0.13084400000000002 25.284381089014936 319.4841593546646 0.0
0.24330458234861194 0.1381 18.958382662235557 172.64023925253937 0.0
0.24330458234861194 0.145356 17.93741791995954 163.66416192174714 0.0
0.24330458234861194 0.152612 11.452739336845731 118.34728056768789 0.0
0.24330458234861194 0.159868 8.657881940703618 132.8799162714564 0.0
0.24330458234861194 0.167124 6.608196139887159 79.08626681789153 0.0
0.24330458234861194 0.17438 5.4495401270787545 64.14463915498759 0.0
0.24330458234861194 0.18163600000000002 2.87247880308642 73.72760405185126 0.0
0.24330458234861194 0.188892 2.723704339265513 47.71060580305321 0.0
0.24330458234861194 0.196148 2.0581925263853047 64.36123937734898 0.0
0.24330458234861194 0.203404 1.5415504036421672 32.97916573834846 0.0
0.24330458234861194 0.21066000000000001 1.3125360884335728 20.517921002113294 0.0
0.24330458234861194 0.217916 1.3045843412514657 27.819121885858966 0.0
0.24330458234861194 0.225172 1.1366244535332837 19.38548205036595 0.0
0.28666579504440415 0.051028 617.9055452146936 31.138244048872316 0.0
0.28666579504440415 0.058283999999999996 751.9307523807252 32.3054824570896 0.0
0.28666579504440415 0.06554 346.3240339451733 20.593476037574796 0.0
0.28666579504440415 0.072796 211.7296918297944 10.838680037941671 0.0
0.28666579504440415 0.080052 258.8991845173672 18.481233076367815 0.0
0.28666579504440415 0.087308 141.70354328383345 7.492335957351475 0.0
0.28666579504440415 0.09456400000000001 135.05800192200863 6.878600203573304 0.0
0.28666579504440415 0.10182 81.10472644178328 4.901885808677243 0.0
0.28666579504440415 0.109076 55.682614919911586 4.380752077108395 0.0
0.28666579504440415 0.11633199999999999 25.77300513315545 1.353955520350759 0.0
0.28666579504440415 0.123588 29.079319103972413 1.457693740309325 0.0
0.28666579504440415 0.13084400000000002 19.171569868533357 1.1130387226387617 0.0
0.28666579504440415 0.1381 14.291222865308876 0.6730188355331757 0.0
0.28666579504440415 0.145356 13.587764359899902 0.5610090078141556 0.0
0.28666579504440415 0.152612 8.647134275238653 0.4704321034842499 0.0
0.28666579504440415 0.159868 6.540570561699214 0.3284977193711347 0.0
0.28666579504440415 0.167124 4.973558505837795 0.2986737848580095 0.0
0.28666579504440415 0.17438 4.098020608602398 0.33002888076140346 0.0
0.28666579504440415 0.18163600000000002 2.1318853995768365 0.31004913939035794 0.0
0.28666579504440415 0.188892 2.0295543114041004 0.19460987701882604 0.0
0.28666579504440415 0.196148 1.5289751148012265 0.19792864977344907 0.0
0.28666579504440415 0.203404 1.143301640483972 0.10381203098421679 0.0
0.28666579504440415 0.21066000000000001 0.9721520301678861 0.10328658739166674 0.0
0.28666579504440415 0.217916 0.9605454262794554 0.15425187884982647 0.0
0.28666579504440415 0.225172 0.8382073891949958 0.11314101699856385 0.0
0.33002700774019633 0.051028 503.0652445298688 4221.9358423875365 0.0
0.33002700774019633 0.058283999999999996 611.988632758531 2537.9958291761754 0.0
0.33002700774019633 0.06554 281.5419729232368 2466.2821282994178 0.0
0.33002700774019633 0.072796 172.14793681918474 1576.1297331200199 0.0
0.33002700774019633 0.080052 210.58578017221132 933.4376271602076 0.0
0.33002700774019633 0.087308 115.05110055836417 839.7113570814953 0.0
0.33002700774019633 0.09456400000000001 109.47807243544361 602.1838133594471 0.0
0.33002700774019633 0.10182 65.79675746743169 580.0879071531813 0.0
0.33002700774019633 0.109076 45.054471209586524 483.4515244771494 0.0
0.33002700774019633 0.11633199999999999 20.92662583517537 251.34075600716628 0.0
0.33002700774019633 0.123588 23.503518299071178 261.8243077406917 0.0
0.33002700774019633 0.13084400000000002 15.481432403756749 197.07155571377905 0.0
0.33002700774019633 0.1381 11.540426033049313 106.46528029251355 0.0
0.33002700774019633 0.145356 10.920449230997038 100.90679205553317 0.0
0.33002700774019633 0.152612 6.909352998239529 72.98657184964937 0.0
0.33002700774019633 0.159868 5.238057034492578 81.9516596723985 0.0
0.33002700774019633 0.167124 3.9684284364013402 48.79447596691784 0.0
0.33002700774019633 0.17438 3.2690512534577807 39.581231124378604 0.0
0.33002700774019633 0.18163600000000002 1.6832314984130798 45.45663884296758 0.0
0.33002700774019633 0.188892 1.590317206390774 29.429222451244854 0.0
0.33002700774019633 0.196148 1.202217193415876 39.6652855076699 0.0
0.33002700774019633 0.203404 0.8883991199565735 20.347806432494544 0.0
0.33002700774019633 0.21066000000000001 0.760594589532958 12.652791371580115 0.0
0.33002700774019633 0.217916 0.7355061804512267 17.144324931034596 0.0
0.33002700774019633 0.225172 0.6279390779236466 11.960694640619707 0.0
0.3733882204359886 0.051028 436.1957816860293 3653.7500998533988 0.0
0.3733882204359886 0.058283999999999996 530.6679709457734 2196.4479830624696 0.0
0.3733882204359886 0.06554 244.42171063191964 2134.4989863800733 0.0
0.3733882204359886 0.072796 149.40236562970387 1364.0513876561108 0.0
0.3733882204359886 0.080052 182.7384290287565 807.7256645960709 0.0
0.3733882204359886 0.087308 99.97302454484026 726.8666533443535 0.0
0.3733882204359886 0.09456400000000001 95.26739896667283 521.2060257182026 0.0
0.3733882204359886 0.10182 57.21877009331641 502.0530379977126 0.0
0.3733882204359886 0.109076 39.23537208306938 418.4661070413666 0.0
0.3733882204359886 0.11633199999999999 18.173155785112485 217.55220370737214 0.0
0.3733882204359886 0.123588 20.50843073753927 226.61348019937998 0.0
0.3733882204359886 0.13084400000000002 13.512235907687046 170.55380727552395 0.0
0.3733882204359886 0.1381 10.07186624447197 92.15904167955726 0.0
0.3733882204359886 0.145356 9.562433197045404 87.3509683585212 0.0
0.3733882204359886 0.152612 6.081067875926449 63.17483597638222 0.0
0.3733882204359886 0.159868 4.597506652085333 70.94077738505645 0.0
0.3733882204359886 0.167124 3.4913055436450984 42.22729415122446 0.0
0.3733882204359886 0.17438 2.8736176366453994 34.250322542089535 0.0
0.3733882204359886 0.18163600000000002 1.4921434612431552 39.34923648937891 0.0
0.3733882204359886 0.188892 1.4219469467514103 25.469647313463526 0.0
0.3733882204359886 0.196148 1.067865633147304 34.34277860790777 0.0
0.3733882204359886 0.203404 0.7978115433570371 17.61184581162752 0.0
0.3733882204359886 0.21066000000000001 0.676340591143202 10.951947127103411 0.0
0.3733882204359886 0.217916 0.6642819085103917 14.845699434500514 0.0
0.3733882204359886 0.225172 0.5743390845723042 10.349782471141404 0.0
0.4167494331317808 0.051028 396.68273091437516 19.99146627307949 0.0
0.4167494331317808 0.058283999999999996 483.0224691864491 20.710945908443378 0.0
0.4167494331317808 0.06554 222.6584436742948 13.224015916099006 0.0
0.4167494331317808 0.072796 136.0657802816407 6.997323231940814 0.0
0.4167494331317808 0.080052 166.1594715398019 11.839234642659969 0.0
0.4167494331317808 0.087308 91.05280298177092 4.8133795995110855 0.0
0.4167494331317808 0.09456400000000001 86.85586176981649 4.415499920151809 0.0
0.4167494331317808 0.10182 52.059381653714766 3.1385989954600966 0.0
0.4167494331317808 0.109076 35.91322128109751 2.817449292117847 0.0
0.4167494331317808 0.11633199999999999 16.51124895951406 0.8653898044427795 0.0
0.4167494331317808 0.123588 18.74496963460362 0.9377096585346103 0.0
0.4167494331317808 0.13084400000000002 12.282558362992692 0.7090904968246319 0.0
0.4167494331317808 0.1381 9.191774162868132 0.43008291492502304 0.0
0.4167494331317808 0.145356 8.721458150697774 0.3611874314879299 0.0
0.4167494331317808 0.152612 5.5400782969910765 0.2997170294980253 0.0
0.4167494331317808 0.159868 4.184146300361545 0.21167341267375722 0.0
0.4167494331317808 0.167124 3.1823810102834105 0.18903293218455455 0.0
0.4167494331317808 0.17438 2.6206066872345657 0.20947002843834145 0.0
0.4167494331317808 0.18163600000000002 1.3580987475595057 0.19628293321005966 0.0
0.4167494331317808 0.188892 1.2927646815313498 0.12336570332406042 0.0
0.4167494331317808 0.196148 0.9730434697316745 0.1258044450937009 0.0
0.4167494331317808 0.203404 0.7239133050013979 0.06558549361030583 0.0
0.4167494331317808 0.21066000000000001 0.6091951741656697 0.06351931923987071 0.0
0.4167494331317808 0.217916 0.6043911257561394 0.09892879119003932 0.0
0.4167494331317808 0.225172 0.5234214574149854 0.07194738695738878 0.0
0.46011064582757305 0.051028 379.552598722937 3184.3850544447555 0.0
0.46011064582757305 0.058283999999999996 462.4507220118405 1914.2037494124381 0.0
0.46011064582757305 0.06554 213.36241831503162 1860.133207424113 0.0
0.46011064582757305 0.072796 130.3727658452882 1188.6453901938905 0.0
0.46011064582757305 0.080052 159.0233705466034 703.9638464676613 0.0
0.46011064582757305 0.087308 87.23459329744557 633.3720518079542 0.0
0.46011064582757305 0.09456400000000001 83.24824438923402 454.1852531332445 0.0
0.46011064582757305 0.10182 49.85888087856325 437.5129456181824 0.0
0.46011064582757305 0.109076 34.50746119957182 364.6313213894301 0.0
0.46011064582757305 0.11633199999999999 15.7880202484897 189.59005578922216 0.0
0.46011064582757305 0.123588 18.00748917491218 197.4693409445021 0.0
0.46011064582757305 0.13084400000000002 11.776114057415331 148.64728492521252 0.0
0.46011064582757305 0.1381 8.832909492852254 80.30719363464516 0.0
0.46011064582757305 0.145356 8.37681941872146 76.11810046676794 0.0
0.46011064582757305 0.152612 5.340893293264775 55.04497318414032 0.0
0.46011064582757305 0.159868 4.027651357871897 61.81874722694468 0.0
0.46011064582757305 0.167124 3.0681851952826493 36.800639747458774 0.0
0.46011064582757305 0.17438 2.5308398547149062 29.848782792226082 0.0
0.46011064582757305 0.18163600000000002 1.3193402533759448 34.296171950062885 0.0
0.46011064582757305 0.188892 1.256623691909997 22.193835716149888 0.0
0.46011064582757305 0.196148 0.9486037442522576 29.930274405053925 0.0
0.46011064582757305 0.203404 0.7118708034984582 15.345628763925149 0.0
0.46011064582757305 0.21066000000000001 0.5940609164347174 9.54558898373471 0.0
0.46011064582757305 0.217916 0.5951363285487993 12.9406505576997 0.0
0.46011064582757305 0.225172 0.5211382325507248 9.019768973672203 0.0
