k ps_3d err_sample_variance err_thermal_noise
0.07597061462993654 16904671.063271821553 382346.4255639334 0.0
0.0948241797491695 15834779.175560654187 2668771.4795752717 0.0
0.1183566186597577 7167918.7759882110186 306622.4093554995 0.0
0.14772908363274287 5428546.893373598916 65211.29367714999 0.0
0.18439088914585774 2274529.128255679841 1112938.9508490073 0.0
0.23015102486200073 838917.3477036295102 907144.9726114826 0.0
0.28726741592492194 354144.5344529176216 111545.30463651566 0.0
0.3585583349092749 461056.09705888589036 967132.702634114 0.0
0.44754146278292933 382041.60825539676176 425907.42203101993 0.0
